23 0.07166301969365427 0.23687089715536108 0.040481400437636754 0.06236323851203501
23 0.2051422319474836 0.2472647702407002 0.0426695842450766 0.06126914660831513
23 0.19037199124726478 0.4392778993435449 0.037199124726477066 0.06892778993435457
23 0.050875273522975925 0.42888402625820565 0.040481400437636754 0.06783369803063465
27 0.26805251641137856 0.23960612691466082 0.03938730853391682 0.06783369803063455
27 0.400984682713348 0.2385120350109409 0.038293216630196907 0.06345733041575496
27 0.40864332603938736 0.4272428884026258 0.04266958424507657 0.0667396061269146
27 0.2768052516411379 0.4310722100656455 0.04814004376367617 0.0678336980306345
31 0.4649890590809628 0.23687089715536108 0.04157549234135665 0.06236323851203501
31 0.599015317286652 0.23687089715536103 0.038293216630196907 0.06455142231947487
31 0.46717724288840257 0.42614879649890597 0.04157549234135665 0.06455142231947483
31 0.6001094091903719 0.4266958424507659 0.04048140043763673 0.06564551422319476
51 0.7084245076586433 0.22374179431072208 0.03829321663019684 0.06236323851203498
51 0.8424507658643325 0.20951859956236324 0.04595185995623638 0.06236323851203501
51 0.8621444201312911 0.4037199124726477 0.039387308533916754 0.05908096280087527
51 0.7286652078774617 0.4146608315098469 0.03938730853391689 0.06345733041575492
35 0.7423413566739606 0.5470459518599563 0.04048140043763681 0.06783369803063458
35 0.7423413566739606 0.7357768052516411 0.042669584245076636 0.07549234135667404
35 0.8791028446389497 0.5492341356673961 0.03829321663019698 0.06345733041575499
35 0.8774617067833698 0.7456236323851203 0.037199124726477066 0.06455142231947492
43 0.6198030634573304 0.5448577680525164 0.042669584245076636 0.06345733041575485
43 0.6318380743982495 0.7363238512035011 0.04048140043763681 0.07002188183807448
43 0.50054704595186 0.7423413566739606 0.04485776805251639 0.06455142231947476
43 0.4890590809628009 0.5508752735229759 0.04157549234135665 0.07111597374179432
47 0.2811816192560175 0.5716630196936542 0.03938730853391689 0.06455142231947483
47 0.4119256017505471 0.5607221006564552 0.049234135667396046 0.06455142231947483
47 0.43052516411378555 0.75 0.042669584245076636 0.07768052516411358
47 0.299781181619256 0.7669584245076586 0.05032822757111589 0.07002188183807448
39 0.0574398249452954 0.5787746170678336 0.04266958424507658 0.07002188183807434
39 0.1887308533916849 0.5711159737417942 0.04704595185995622 0.06783369803063458
39 0.20842450765864332 0.7582056892778993 0.04048140043763673 0.06564551422319483
39 0.07275711159737418 0.7696936542669585 0.04048140043763676 0.0667396061269146
