22 0.06181619256017505 0.1487964989059081 0.05142231947483587 0.08096280087527352
22 0.07932166301969365 0.38074398249452956 0.04923413566739605 0.08315098468271337
22 0.23522975929978115 0.3769146608315099 0.04376367614879651 0.07549234135667404
22 0.21936542669584244 0.1411378555798687 0.049234135667396046 0.0700218818380744
26 0.29595185995623635 0.38840262582056895 0.049234135667396046 0.07221006564551423
26 0.4507658643326039 0.38183807439824946 0.04157549234135665 0.074398249452954
26 0.28391684901531733 0.15700218818380743 0.047045951859956255 0.07111597374179432
26 0.44201312910284457 0.15098468271334792 0.037199124726477 0.06564551422319473
42 0.4863238512035011 0.14660831509846825 0.04048140043763673 0.0700218818380744
42 0.6416849015317286 0.13293216630196936 0.0536105032822757 0.07330415754923411
42 0.6570021881838075 0.3599562363238512 0.049234135667396116 0.08096280087527355
42 0.5076586433260394 0.3758205689277899 0.04814004376367606 0.07111597374179432
38 0.0787746170678337 0.5164113785557987 0.043763676148796504 0.06783369803063458
38 0.09026258205689278 0.7439824945295405 0.049234135667396074 0.0722100656455143
38 0.22811816192560172 0.512582056892779 0.05142231947483591 0.07111597374179432
38 0.2434354485776805 0.7330415754923414 0.04485776805251639 0.07221006564551416
46 0.2855579868708972 0.5032822757111597 0.04157549234135665 0.0678336980306345
46 0.438730853391685 0.49781181619256015 0.04814004376367613 0.07002188183807434
46 0.4480306345733041 0.7204595185995624 0.055798687089715526 0.07768052516411374
46 0.2954048140043764 0.7286652078774618 0.050328227571116 0.07877461706783379
50 0.7160831509846827 0.3687089715536105 0.049234135667396116 0.07221006564551423
50 0.87472647702407 0.3665207877461707 0.042669584245076636 0.07002188183807434
50 0.8736323851203501 0.1274617067833698 0.042669584245076636 0.07768052516411376
50 0.7149890590809628 0.13402625820568928 0.04485776805251646 0.07549234135667394
30 0.5300875273522976 0.4890590809628009 0.04048140043763681 0.07002188183807434
30 0.6909190371991246 0.4950765864332604 0.04704595185995615 0.0776805251641138
30 0.6832603938730855 0.7281181619256017 0.04048140043763681 0.07986870897155356
30 0.5218818380743983 0.7253829321663019 0.05032822757111596 0.07877461706783379
34 0.724835886214442 0.48194748358862144 0.04485776805251632 0.06892778993435442
34 0.8834792122538293 0.4824945295404814 0.05142231947483594 0.07439824945295406
34 0.8796498905908098 0.7084245076586433 0.045951859956236234 0.08643326039387318
34 0.7259299781181618 0.711706783369803 0.04704595185995615 0.06892778993435457
