26 0.05361050328227571 0.40317286652078776 0.037199124726477024 0.06236323851203501
26 0.17396061269146607 0.4042669584245077 0.035010940919037205 0.0536105032822757
26 0.057439824945295405 0.574398249452954 0.03391684901531729 0.054704595185995686
26 0.17341356673960615 0.5738512035010941 0.0361050328227571 0.05361050328227577
24 0.21827133479212255 0.4064551422319475 0.03391684901531725 0.0536105032822757
24 0.21881838074398252 0.5760393873085339 0.035010940919037205 0.05798687089715535
24 0.3326039387308534 0.4102844638949672 0.03063457330415762 0.05908096280087527
24 0.33260393873085337 0.5765864332603939 0.028446389496717687 0.056892778993435374
36 0.3703501094091904 0.4146608315098469 0.031728665207877496 0.054704595185995616
36 0.4797592997811816 0.4141137855579869 0.03391684901531725 0.05798687089715535
36 0.4797592997811816 0.5782275711159737 0.03829321663019698 0.055798687089715526
36 0.3730853391684901 0.5776805251641137 0.030634573304157583 0.05251641137855579
39 0.5218818380743983 0.41630196936542674 0.032822757111597343 0.060175054704595186
39 0.5235229759299781 0.5749452954048141 0.03172866520787743 0.06455142231947483
39 0.6356673960612692 0.5760393873085339 0.03501094091903724 0.05798687089715535
39 0.6340262582056893 0.4146608315098469 0.03610503282275715 0.061269146608315096
51 0.6783369803063457 0.40590809628008756 0.04157549234135672 0.061269146608315096
51 0.7921225382932167 0.40754923413566746 0.03719912472647693 0.05798687089715535
51 0.7932166301969366 0.573304157549234 0.03938730853391689 0.05908096280087527
51 0.6794310722100656 0.5754923413566739 0.037199124726477066 0.05470459518599555
41 0.8320568927789935 0.4080962800875274 0.033916849015317184 0.06345733041575492
41 0.9463894967177242 0.4102844638949672 0.039387308533916754 0.06345733041575492
41 0.9567833698030634 0.5727571115973742 0.03829321663019684 0.0557986870897156
41 0.8380743982494531 0.5760393873085339 0.035010940919037094 0.060175054704595186
27 0.05798687089715535 0.6400437636761488 0.037199124726477024 0.05251641137855593
27 0.05579868708971555 0.8041575492341357 0.043763676148796504 0.0678336980306345
27 0.17231947483588622 0.8096280087527353 0.033916849015317274 0.06126914660831503
27 0.17505470459518602 0.6394967177242887 0.03938730853391684 0.05142231947483587
20 0.21772428884026257 0.6389496717724288 0.037199124726477066 0.052516411378555714
20 0.33479212253829327 0.6422319474835887 0.03282275711159741 0.054704595185995616
20 0.32877461706783373 0.8074398249452954 0.031728665207877496 0.0590809628008752
20 0.2138949671772429 0.8074398249452954 0.03829321663019694 0.06126914660831503
48 0.3703501094091904 0.6449671772428884 0.0295404814004376 0.05579868708971561
48 0.48577680525164113 0.6378555798687089 0.037199124726477135 0.052516411378555714
48 0.4835886214442013 0.8112691466083152 0.037199124726477066 0.06236323851203508
48 0.36816192560175054 0.8161925601750546 0.03391684901531725 0.054704595185995686
49 0.5295404814004376 0.6367614879649891 0.03501094091903717 0.05251641137855586
49 0.6422319474835887 0.6340262582056893 0.03938730853391682 0.05142231947483587
49 0.6455142231947484 0.8036105032822758 0.032822757111597343 0.06236323851203508
38 0.6903719912472647 0.6400437636761488 0.028446389496717614 0.05908096280087534
38 0.6887308533916848 0.8036105032822758 0.03610503282275715 0.06236323851203508
38 0.7997811816192559 0.6433260393873086 0.03501094091903724 0.06345733041575499
38 0.8025164113785559 0.8096280087527353 0.03829321663019698 0.06345733041575485
21 0.8424507658643325 0.6400437636761488 0.03501094091903724 0.06345733041575478
21 0.9578774617067833 0.6367614879649891 0.03391684901531747 0.0568927789934353
21 0.9644420131291028 0.8025164113785559 0.033916849015317184 0.06236323851203494
21 0.8468271334792122 0.8041575492341357 0.03282275711159741 0.05470459518599555
