26 0.0437636761487965 0.25984682713347923 0.03938730853391685 0.0645514223194748
26 0.05798687089715535 0.4628008752735229 0.04157549234135667 0.06564551422319476
26 0.17888402625820568 0.2592997811816193 0.05142231947483587 0.0634573304157549
26 0.18818380743982493 0.4556892778993435 0.03938730853391682 0.06236323851203501
51 0.23304157549234134 0.2614879649890591 0.043763676148796476 0.06564551422319476
51 0.24398249452954046 0.45459518599562365 0.05032822757111596 0.07330415754923408
51 0.37527352297593 0.4458424507658643 0.0459518599562363 0.07111597374179425
37 0.4228665207877462 0.2603938730853392 0.05142231947483587 0.07658643326039385
37 0.43708971553610504 0.44912472647702417 0.0667396061269146 0.06236323851203501
37 0.5585339168490153 0.44693654266958427 0.04048140043763681 0.06673960612691474
37 0.550328227571116 0.25820568927789933 0.0459518599562363 0.07002188183807441
42 0.612691466083151 0.2647702407002188 0.04157549234135672 0.06783369803063455
42 0.7357768052516411 0.262582056892779 0.051422319474835804 0.06564551422319471
42 0.7434354485776805 0.45240700218818375 0.04485776805251646 0.06455142231947483
42 0.6198030634573304 0.45623632385120344 0.04485776805251646 0.06564551422319476
22 0.7910284463894968 0.2735229759299781 0.039387308533916754 0.05908096280087527
22 0.9250547045951859 0.25984682713347923 0.051422319474835804 0.0645514223194748
22 0.9376367614879649 0.4556892778993435 0.039387308533916754 0.07111597374179432
22 0.8041575492341357 0.4649890590809628 0.052516411378555714 0.06564551422319476
35 0.05689277899343545 0.5388402625820569 0.039387308533916844 0.0754923413566739
35 0.18708971553610504 0.5404814004376368 0.05908096280087527 0.07877461706783372
35 0.18654266958424506 0.7193654266958425 0.049234135667396046 0.08205689277899353
35 0.05579868708971554 0.7215536105032823 0.05032822757111598 0.07111597374179439
25 0.25 0.5268052516411379 0.03610503282275715 0.06673960612691467
25 0.3812910284463895 0.5224288840262582 0.031728665207877496 0.05798687089715535
25 0.3834792122538293 0.711706783369803 0.031728665207877496 0.06673960612691474
25 0.2554704595185996 0.7155361050328227 0.0426695842450766 0.06345733041575485
47 0.43380743982494535 0.525711159737418 0.04485776805251639 0.06455142231947483
47 0.4480306345733041 0.712800875273523 0.04704595185995622 0.06673960612691474
47 0.5700218818380745 0.712800875273523 0.04157549234135658 0.06673960612691474
47 0.5590809628008753 0.5218818380743983 0.045951859956236234 0.06564551422319469
49 0.6214442013129102 0.525164113785558 0.048140043763676206 0.06564551422319476
49 0.7461706783369803 0.5207877461706784 0.05251641137855586 0.05689277899343551
49 0.7510940919037199 0.7122538293216629 0.03391684901531732 0.07002188183807448
49 0.6225382932166302 0.7144420131291028 0.0459518599562363 0.06564551422319469
29 0.8167396061269148 0.526258205689278 0.04923413566739598 0.06345733041575492
29 0.950218818380744 0.5300875273522976 0.04704595185995615 0.06455142231947476
29 0.949671772428884 0.7177242888402625 0.04157549234135672 0.07221006564551416
29 0.8172866520787746 0.7171772428884026 0.054704595185995686 0.0667396061269146
