37 0.04540481400437637 0.2817286652078775 0.040481400437636754 0.06236323851203501
37 0.05689277899343546 0.4573304157549234 0.041575492341356685 0.061269146608315096
37 0.1701312910284464 0.45240700218818375 0.0361050328227571 0.05798687089715535
37 0.16028446389496717 0.28501094091903717 0.047045951859956234 0.0645514223194748
49 0.20678336980306347 0.27571115973741794 0.03282275711159738 0.05908096280087527
49 0.3260393873085339 0.27954048140043763 0.03938730853391682 0.060175054704595186
49 0.3287746170678336 0.4507658643326039 0.03391684901531725 0.05689277899343544
49 0.2138949671772429 0.45350109409190364 0.03391684901531729 0.05798687089715535
42 0.3665207877461707 0.2713347921225383 0.03938730853391689 0.06345733041575492
42 0.4786652078774617 0.2735229759299781 0.04048140043763673 0.06564551422319476
42 0.4824945295404814 0.43982494529540483 0.037199124726477066 0.056892778993435374
42 0.3725382932166302 0.4442013129102845 0.03829321663019698 0.05689277899343551
29 0.5207877461706782 0.26258205689277897 0.03501094091903724 0.05689277899343544
29 0.637855579868709 0.2576586433260394 0.030634573304157513 0.055798687089715526
29 0.637855579868709 0.4294310722100657 0.028446389496717756 0.0536105032822757
29 0.5229759299781181 0.43435448577680524 0.03501094091903724 0.05689277899343551
46 0.675054704595186 0.25054704595185995 0.030634573304157583 0.05908096280087527
46 0.7850109409190372 0.2472647702407002 0.04704595185995629 0.06345733041575492
46 0.7893873085339169 0.4212253829321664 0.03829321663019698 0.061269146608315096
46 0.6777899343544856 0.4223194748358863 0.04048140043763681 0.05908096280087527
24 0.836980306345733 0.2385120350109409 0.037199124726477066 0.061269146608315096
24 0.9600656455142231 0.237417943107221 0.03829321663019698 0.05470459518599565
24 0.8375273522975931 0.41137855579868715 0.033916849015317184 0.06345733041575492
24 0.961159737417943 0.4141137855579869 0.03391684901531732 0.05798687089715535
22 0.04266958424507658 0.5207877461706784 0.03938730853391685 0.061269146608315096
22 0.16028446389496717 0.5229759299781181 0.040481400437636754 0.05689277899343544
22 0.1646608315098468 0.6914660831509846 0.03391684901531729 0.06345733041575485
36 0.20568927789934358 0.5153172866520788 0.035010940919037205 0.05689277899343544
36 0.3161925601750547 0.5169584245076586 0.03719912472647703 0.060175054704595186
36 0.3178336980306346 0.6816192560175055 0.040481400437636775 0.05689277899343551
36 0.20623632385120352 0.6849015317286653 0.040481400437636775 0.05689277899343551
31 0.3583150984682713 0.5136761487964989 0.031728665207877496 0.06236323851203501
31 0.4797592997811816 0.5180525164113786 0.03829321663019698 0.05798687089715535
31 0.474835886214442 0.6859956236323851 0.032822757111597343 0.05689277899343551
31 0.36269146608315095 0.6854485776805251 0.03829321663019698 0.06236323851203494
39 0.5229759299781181 0.6772428884026257 0.04157549234135665 0.07658643326039381
39 0.5175054704595187 0.5054704595185996 0.037199124726477066 0.06564551422319469
39 0.6301969365426696 0.5082056892778993 0.043763676148796476 0.055798687089715526
39 0.6367614879649891 0.6766958424507657 0.03501094091903724 0.06455142231947476
45 0.6766958424507657 0.49781181619256015 0.04485776805251632 0.061269146608315166
45 0.787199124726477 0.4961706783369803 0.04923413566739598 0.06455142231947492
45 0.7943107221006565 0.6673960612691465 0.035010940919037094 0.06345733041575492
41 0.8342450765864332 0.4879649890590809 0.03391684901531732 0.06345733041575492
41 0.9535010940919038 0.4835886214442013 0.042669584245076636 0.06564551422319469
41 0.9589715536105032 0.6586433260393874 0.040481400437636664 0.06345733041575499
41 0.8424507658643325 0.6570021881838075 0.037199124726477066 0.06236323851203508
