30 0.05361050328227571 0.21827133479212255 0.037199124726477024 0.07549234135667397
30 0.19310722100656455 0.21991247264770242 0.047045951859956255 0.06783369803063458
30 0.20185995623632386 0.4212253829321664 0.0426695842450766 0.06564551422319476
30 0.06181619256017505 0.42560175054704596 0.04485776805251642 0.07002188183807434
38 0.24835886214442013 0.22428884026258206 0.04595185995623634 0.06564551422319476
38 0.3785557986870897 0.2237417943107221 0.045951859956236234 0.07330415754923415
38 0.38566739606126915 0.4195842450765865 0.04485776805251639 0.0689277899343545
38 0.2576586433260394 0.42286652078774617 0.04485776805251643 0.06455142231947483
23 0.4299781181619256 0.22866520787746172 0.043763676148796546 0.07877461706783372
23 0.5694748358862145 0.22757111597374177 0.04266958424507649 0.07002188183807437
23 0.5683807439824945 0.42396061269146623 0.04266958424507649 0.07330415754923408
23 0.4338074398249453 0.42614879649890597 0.03610503282275715 0.07330415754923415
32 0.62527352297593 0.44091903719912473 0.0492341356673959 0.0678336980306345
32 0.6236323851203501 0.23960612691466082 0.04814004376367613 0.07877461706783367
32 0.7565645514223195 0.2341356673960613 0.04485776805251646 0.07439824945295406
32 0.7571115973741794 0.42888402625820565 0.05032822757111589 0.07658643326039381
20 0.8107221006564551 0.42943107221006555 0.043763676148796546 0.0689277899343545
20 0.9513129102844639 0.4277899343544857 0.042669584245076636 0.06564551422319476
20 0.9535010940919036 0.2231947483588621 0.04704595185995629 0.0634573304157549
20 0.813457330415755 0.2210065645514223 0.04485776805251646 0.06564551422319476
48 0.06673960612691465 0.49945295404814005 0.03938730853391683 0.06017505470459511
48 0.20350109409190373 0.5027352297592997 0.04376367614879651 0.06455142231947492
48 0.20076586433260396 0.7056892778993435 0.040481400437636775 0.06564551422319469
48 0.07221006564551423 0.7045951859956235 0.04814004376367615 0.06564551422319483
41 0.2614879649890591 0.5021881838074398 0.035010940919037205 0.06564551422319476
41 0.39223194748358864 0.5043763676148797 0.04266958424507657 0.06783369803063458
41 0.3927789934354486 0.7029540481400437 0.03938730853391682 0.06892778993435442
41 0.2702407002188184 0.7013129102844639 0.05470459518599565 0.0678336980306345
24 0.44529540481400437 0.49562363238512036 0.04157549234135672 0.06783369803063458
24 0.5847921225382932 0.4972647702407002 0.04704595185995636 0.07330415754923422
24 0.5798687089715536 0.698577680525164 0.03938730853391689 0.07330415754923408
24 0.44365426695842447 0.698030634573304 0.04266958424507657 0.06564551422319483
50 0.6285557986870898 0.7056892778993435 0.04485776805251646 0.06126914660831503
50 0.6351203501094091 0.5049234135667396 0.03829321663019698 0.06236323851203501
50 0.7768052516411379 0.5049234135667396 0.039387308533916754 0.060175054704595256
50 0.7658643326039387 0.7117067833698029 0.043763676148796546 0.06892778993435442
40 0.8211159737417943 0.5076586433260394 0.03829321663019684 0.06783369803063458
40 0.9562363238512035 0.5087527352297593 0.05032822757111589 0.06345733041575492
40 0.9584245076586433 0.7133479212253829 0.04157549234135658 0.06564551422319469
40 0.8200218818380745 0.7084245076586433 0.0448577680525166 0.0667396061269146
