20 0.12647154846396438 0.12647154846396438 0.0382433860076709 0.059713357099696725
20 0.2499238822431127 0.12915529485046762 0.0395852592009226 0.058371483906445094
20 0.2532785652262417 0.31030817593943516 0.03824338600767099 0.06105523029294829
20 0.1298262314470934 0.31399832722087706 0.034217766427916095 0.057700547309819224
21 0.3220495663803868 0.13418731932516118 0.03488870302454192 0.061726166889574136
21 0.31970128829219646 0.310979112536061 0.03555963962116767 0.05434586432669029
25 0.3700215330391319 0.13586466081672566 0.03824338600767099 0.05434586432669025
25 0.37236981112732226 0.310979112536061 0.03757244941104517 0.057029610713193506
33 0.42000630948775436 0.31466926381750293 0.038914322604296746 0.05635867411656765
33 0.4149742850130609 0.13452278762347405 0.038243386007670924 0.059713357099696704
24 0.4562368857055479 0.13620012911503857 0.0375724494110451 0.05501680092331604
24 0.46361718826843173 0.3150047321158158 0.03488870302454195 0.05702961071319347
32 0.5068925987507963 0.1254651435690257 0.04629462516718057 0.059042420503070916
32 0.5082344719440479 0.30426974656980293 0.04629462516718057 0.057029610713193506
40 0.5619093996741124 0.13485825592178696 0.04226900558742578 0.06440991327607737
40 0.5625803362707381 0.3116500491326868 0.043610878780677355 0.059713357099696725
29 0.6256483763535639 0.13150357293865791 0.035559639621167705 0.05635867411656767
29 0.629003059336693 0.3099727076411223 0.03555963962116792 0.06038429369632255
31 0.6719430015207445 0.11909124590108053 0.03824338600767106 0.05032024474693541
31 0.6759686211004994 0.2992377220951094 0.035559639621167774 0.059042420503070826
30 0.7383657245866994 0.11909124590108051 0.03421776642791613 0.05702961071319347
30 0.7407140026748895 0.30326334167486424 0.033546829831290384 0.05635867411656772
49 0.7943889304049541 0.12445873867408697 0.03757244941104517 0.05702961071319347
49 0.7843248814555669 0.30829536614955777 0.0335468298312901 0.06508084987270316
34 0.8420254287653863 0.30863083444787065 0.05233305453681283 0.05904242050307087
34 0.8470574532400797 0.12244592888420953 0.0462946251671805 0.058371483906445094
45 0.8534313509080249 0.4096067922400545 0.05501680092331597 0.05837148390644508
45 0.8460510483451411 0.5954562295054027 0.044281815377303246 0.07179021583896122
47 0.7937179938083284 0.42235458757594474 0.0429399421840516 0.059713357099696725
47 0.7994209548796476 0.6041784052615381 0.038243386007670924 0.06373897667945158
23 0.7457460271495832 0.4230255241725706 0.03824338600767106 0.06105523029294837
23 0.7487652418343993 0.6085394931396059 0.04025619579754846 0.06306804008282577
43 0.6786523674870025 0.4401344073865286 0.040927132394174066 0.06038429369632255
43 0.6880454798397639 0.6172616688957414 0.040927132394174066 0.06440991327607733
35 0.6186035420889929 0.4347669146135222 0.055016800923316254 0.056358674116567684
35 0.624977439756938 0.6169262005974284 0.05568773751994186 0.06508084987270323
42 0.5625803362707381 0.4418117488780932 0.04495275197392914 0.05837148390644508
42 0.5689542339386833 0.6189390103873059 0.036230576217793596 0.059713357099696794
48 0.5176275842968092 0.4408053439831544 0.043610878780677494 0.06038429369632255
48 0.5290335064394479 0.6212872884754962 0.03958525920092264 0.0603842936963224
38 0.4569078223021738 0.445837368457848 0.04428181537730318 0.06105523029294837
38 0.46227531507518016 0.6263193129501896 0.03623057621779353 0.05702961071319337
22 0.41530975331137376 0.44449549526459636 0.03488870302454188 0.05837148390644515
22 0.4096067922400545 0.6256483763535639 0.03421776642791613 0.05971335709969665
39 0.35157077663192227 0.4347669146135222 0.04159806899079996 0.0590424205030709
39 0.3596220157914319 0.6112232395261091 0.03488870302454188 0.056358674116567684
44 0.2942056976204158 0.4357733195084609 0.03958525920092246 0.05837148390644508
44 0.29353476102379 0.6159197957024897 0.035559639621167705 0.06306804008282577
27 0.1046661090736257 0.435437851210148 0.04293994218405157 0.061726166889574045
27 0.22811844285277394 0.43107676333208017 0.032204956638038705 0.059713357099696725
27 0.23080218923927717 0.6149133908075509 0.03623057621779349 0.0623971034861998
27 0.10835626035506764 0.6179326054923672 0.036901512814419314 0.06038429369632255
37 0.13217450953528373 0.7272642734716098 0.037572449411045136 0.06239710348620008
37 0.25596231161274496 0.7141810098374066 0.042269005587425815 0.0577005473098194
37 0.2760904095115191 0.903385130085884 0.0409271323941741 0.06306804008282554
37 0.1489479244509289 0.9191521401065903 0.05233305453681286 0.07044834264570966
36 0.3475451570521674 0.706129770677897 0.0429399421840516 0.05635867411656775
36 0.3673377866526286 0.8896309298550549 0.03958525920092249 0.06373897667945172
51 0.42470286566413507 0.7004268096065777 0.040256195797548314 0.0543458643266905
51 0.43443144631520925 0.8889599932584289 0.03958525920092257 0.05837148390644515
41 0.49850589129297374 0.7138455415390936 0.04025619579754846 0.06239710348619994
41 0.5038733840659801 0.9010368519976936 0.038914322604296746 0.06508084987270323
46 0.5877404586442059 0.7101553902576516 0.04159806899079996 0.0590424205030709
46 0.5860631171526414 0.8980176373128773 0.040927132394174066 0.06172616688957419
28 0.6806651772768799 0.7195485026104131 0.035559639621167635 0.05904242050307104
28 0.67026566002918 0.9144555839302096 0.04159806899079996 0.06239710348620008
50 0.7789573886825605 0.723238653891855 0.036230576217793665 0.057029610713193506
50 0.7722480227163024 0.9191521401065902 0.03623057621779353 0.06239710348619994
26 0.8524249460130864 0.706129770677897 0.043610878780677494 0.05904242050307076
26 0.8735594488067991 0.8970112324179387 0.037572449411044886 0.06105523029294829
