44 0.032275711159737416 0.31673960612691465 0.04266958424507658 0.06455142231947483
44 0.14715536105032823 0.3068927789934354 0.04485776805251639 0.05579868708971556
44 0.1701312910284464 0.4731947483588621 0.040481400437636754 0.05798687089715535
44 0.054704595185995616 0.4863238512035011 0.0437636761487965 0.06017505470459511
51 0.19748358862144422 0.3052516411378556 0.0426695842450766 0.059080962800875304
51 0.20842450765864334 0.4808533916849015 0.03172866520787746 0.06673960612691467
51 0.325492341356674 0.475382932166302 0.03829321663019698 0.05798687089715543
47 0.3512035010940919 0.312363238512035 0.043763676148796476 0.060175054704595145
47 0.36323851203501095 0.48030634573304154 0.03938730853391689 0.07002188183807441
47 0.4786652078774617 0.47921225382932164 0.03610503282275715 0.06564551422319476
39 0.5114879649890591 0.30032822757111594 0.04266958424507657 0.06455142231947476
39 0.6269146608315098 0.2986870897155361 0.04157549234135672 0.059080962800875304
39 0.6340262582056893 0.4638949671772428 0.03610503282275715 0.06564551422319476
39 0.5240700218818382 0.46772428884026257 0.039387308533916754 0.06236323851203501
38 0.673960612691466 0.29978118161925604 0.035010940919037094 0.07002188183807441
38 0.7861050328227571 0.299781181619256 0.04485776805251646 0.05470459518599565
38 0.7943107221006565 0.46881838074398247 0.03938730853391689 0.0536105032822757
38 0.6832603938730852 0.47155361050328226 0.04266958424507649 0.05908096280087527
27 0.836980306345733 0.2948577680525164 0.03501094091903724 0.05361050328227563
27 0.8336980306345733 0.4693654266958424 0.03501094091903724 0.05908096280087527
27 0.9518599562363238 0.46881838074398247 0.04157549234135658 0.06673960612691467
23 0.8336980306345734 0.5278993435448577 0.03719912472647693 0.05361050328227563
23 0.9535010940919036 0.5229759299781181 0.03829321663019698 0.06564551422319483
23 0.9600656455142231 0.699671772428884 0.040481400437636664 0.06017505470459511
23 0.8386214442013129 0.698577680525164 0.04048140043763681 0.06017505470459511
34 0.673960612691466 0.5322757111597374 0.04157549234135658 0.06017505470459511
34 0.7866520787746171 0.5328227571115974 0.045951859956236234 0.054704595185995616
34 0.7921225382932167 0.7040481400437636 0.04157549234135672 0.06236323851203494
34 0.6777899343544856 0.7040481400437636 0.033916849015317184 0.06017505470459511
24 0.5278993435448578 0.699671772428884 0.04048140043763681 0.06455142231947476
24 0.6345733041575492 0.5268052516411379 0.037199124726477066 0.05142231947483587
24 0.6394967177242888 0.6958424507658643 0.03610503282275694 0.061269146608315166
24 0.5240700218818382 0.5311816192560175 0.043763676148796476 0.04704595185995615
26 0.48030634573304154 0.712800875273523 0.03501094091903717 0.06236323851203494
26 0.3687089715536105 0.7133479212253829 0.03938730853391689 0.054704595185995686
26 0.36542669584245074 0.5426695842450766 0.03282275711159741 0.05908096280087527
26 0.47921225382932164 0.5432166301969366 0.03938730853391682 0.049234135667396046
28 0.20951859956236327 0.7149890590809628 0.03391684901531729 0.05361050328227563
28 0.3260393873085339 0.7138949671772429 0.032822757111597343 0.06236323851203494
28 0.3271334792122538 0.5404814004376367 0.037199124726477 0.048140043763676206
28 0.21444201312910283 0.5393873085339169 0.04157549234135665 0.05251641137855579
25 0.16903719912472648 0.7149890590809628 0.033916849015317274 0.051422319474835804
25 0.16684901531728663 0.5437636761487965 0.027352297592997808 0.054704595185995686
25 0.047592997811816196 0.549781181619256 0.03172866520787746 0.055798687089715526
25 0.05415754923413567 0.7188183807439824 0.03172866520787746 0.06345733041575499
