39 0.048687089715536105 0.1985776805251641 0.05579868708971554 0.0864332603938731
39 0.21663019693654267 0.19310722100656455 0.054704595185995616 0.0820568927789934
39 0.22702407002188185 0.4294310722100657 0.05798687089715535 0.07986870897155363
39 0.06892778993435447 0.4359956236323852 0.06126914660831509 0.08862144420131295
20 0.2773522975929978 0.17778993435448576 0.049234135667396046 0.08205689277899345
20 0.44529540481400437 0.17450765864332607 0.052516411378555714 0.07111597374179432
20 0.4431072210065646 0.4223194748358862 0.05251641137855586 0.07658643326039381
20 0.2844638949671772 0.4212253829321664 0.05251641137855586 0.08096280087527355
46 0.525164113785558 0.19091903719912473 0.054704595185995616 0.08424507658643327
46 0.6898249452954048 0.18599562363238512 0.0557986870897156 0.08096280087527355
46 0.5475929978118161 0.4321663019693654 0.057986870897155283 0.07658643326039381
46 0.7067833698030634 0.4195842450765864 0.052516411378555714 0.0754923413566739
30 0.7538293216630197 0.18216630196936542 0.04376367614879641 0.08205689277899345
30 0.9234135667396061 0.18326039387308535 0.05470459518599555 0.07549234135667397
30 0.9190371991247264 0.43107221006564544 0.04814004376367606 0.07221006564551423
30 0.7538293216630197 0.424507658643326 0.04376367614879641 0.07221006564551416
28 0.0437636761487965 0.5612691466083152 0.04814004376367615 0.07877461706783372
28 0.20568927789934358 0.5541575492341356 0.050328227571116 0.07111597374179425
28 0.21444201312910283 0.7948577680525165 0.05908096280087527 0.07768052516411374
28 0.05689277899343545 0.8036105032822758 0.045951859956236324 0.07330415754923408
44 0.2647702407002188 0.5432166301969366 0.052516411378555755 0.08424507658643328
44 0.4234135667396061 0.5224288840262582 0.05689277899343551 0.07986870897155356
44 0.462253829321663 0.7592997811816192 0.0536105032822757 0.08096280087527362
44 0.3068927789934354 0.7789934354485777 0.06455142231947476 0.08096280087527347
50 0.5311816192560175 0.7707877461706784 0.06017505470459511 0.07986870897155356
50 0.6974835886214441 0.7620350109409191 0.04923413566739598 0.06892778993435442
50 0.6816192560175054 0.5164113785557987 0.045951859956236234 0.06345733041575499
50 0.5175054704595187 0.5213347921225383 0.043763676148796476 0.0776805251641138
36 0.7483588621444202 0.5098468271334792 0.05251641137855586 0.08315098468271337
36 0.9157549234135668 0.5109409190371992 0.07439824945295413 0.07439824945295406
36 0.9190371991247264 0.7445295404814004 0.05032822757111589 0.0908096280087527
36 0.7582056892778993 0.74945295404814 0.06126914660831503 0.07877461706783351
