35 0.12573589911150485 0.6369718730746605 0.20224753133680357 0.28303953459568537
46 0.4200114076703454 0.6013912888579992 0.20331762409519819 0.2921353230420483
31 0.2672556664093468 0.6195828657507287 0.21455359805835472 0.28999513752525885
44 0.8362774906863041 0.6008562424788022 0.19903725306161577 0.28464467373327984
34 0.6891397364068856 0.6163725874755406 0.19582697478642777 0.2899951375252575
21 0.5454797835922515 0.6019263352371973 0.17924053703129464 0.29320541580044446
20 0.8699837298549119 0.364365742873334 0.19475688202803285 0.29106523028365383
48 0.7271263466090727 0.3801496110596708 0.19154660375284305 0.28946009114605814
43 0.5864091488800285 0.35393233847897515 0.19047651099444984 0.2841096273540812
24 0.4577304946829348 0.36677345157972396 0.1985022066824177 0.29267036942124686
27 0.3130021318307674 0.334403145638252 0.19475688202803304 0.28678485925007063
36 0.15783868186337796 0.3825573197660618 0.21294845892076072 0.29641569407563156
