45 0.1540826562814092 0.6057296736328645 0.1981062723618119 0.29651200242388853
33 0.27935574027490806 0.5811282411173453 0.19875367848064127 0.2939223779485706
35 0.4344095057345612 0.6118800317617444 0.20328552131244712 0.2971594085427179
31 0.5635670264410367 0.5901919267809577 0.19227961729234685 0.29521719018622944
43 0.7114993245935662 0.606377079751694 0.19551664788649392 0.29262756571091175
50 0.8574130583785569 0.5963422849098358 0.2036007122703738 0.2971594085427173
44 0.8516356187322356 0.36650842554222585 0.19323575843758595 0.2985793155082073
20 0.7074901444925112 0.38209220407022815 0.19069052954612997 0.2995724677129002
30 0.5630008697901208 0.37532386737337403 0.18774777446054067 0.300161018730018
36 0.43170217105582004 0.3667898776251676 0.19834169276865893 0.29957246771290025
24 0.28602429745484714 0.3804888336809941 0.19809981643029423 0.29891847300642554
21 0.15690566710295872 0.3904380432115338 0.21578730004014132 0.29051691829174797
