25 0.6867320277004957 0.5500268364550029 0.19636202116562657 0.2910652302836537
4 0.8418954776678825 0.5593901480909634 0.19101155737364744 0.2937404621796419
17 0.5377216110938822 0.5850723742924646 0.1883363254776579 0.28731990562926923
28 0.40583267862159766 0.5730338307605084 0.18031062978968568 0.28892504476685826
2 0.27340869977012255 0.6016588120475986 0.20331762409519882 0.29802083321322487
6 0.12760856143869748 0.5861424670508607 0.2059928559911888 0.2873199056292686
12 0.5441421676442572 0.34109122537822567 0.18084567616888783 0.29160027666285154
11 0.4066352481903987 0.3293202050358721 0.18726623271926257 0.29053018390445595
26 0.26404538813416023 0.35928280227095405 0.1856610935816689 0.2883899983876644
8 0.13001627014508801 0.3782769487324793 0.19368678926963728 0.28464467373327906
23 0.6955586102363986 0.3151414759871279 0.19261669651124166 0.2942755085588411
10 0.8397536094302269 0.33413562244865275 0.19208165013204284 0.30337129700520477
