2 0.13832532296414368 0.5264989242775949 0.17793901308634974 0.2701878339705718
12 0.1876028819415756 0.49736193161229747 0.193161485850956 0.27862502095767433
28 0.2404096190806854 0.5004886463113243 0.18621323096423037 0.2723715915596209
19 0.28835257779908857 0.4827705963501747 0.19316148585095572 0.27862502095767344
5 0.3613092541097009 0.48138094537283094 0.21261659953378564 0.28418362486705456
10 0.4168952932035016 0.5018782972886683 0.20288904269237057 0.2862681013330713
29 0.4676175538765945 0.4952774551462801 0.17926497607750505 0.2716767660709491
4 0.512086385151635 0.4949300424019426 0.17509602314547082 0.26959228960493065
23 0.5819163467632142 0.49076108946991 0.1785701505888336 0.27098194058227554
22 0.6364601476240093 0.5015308845443337 0.2001097407376819 0.2827939738897087
0 0.7160176660770111 0.4980567571009711 0.1813494525435236 0.2730664170482933
26 0.7622235610737349 0.49215074044725526 0.1806546270548507 0.27376124253696665
18 0.8216311403552345 0.49909899533398017 0.1994149152490091 0.2820991484010358
20 0.8303164589636383 0.6220831068290137 0.18065462705485003 0.27237159155962215
3 0.7215762699863925 0.5967219764924669 0.18690805645290254 0.2744560680256383
30 0.648967006420115 0.6123555499875991 0.19177183487361135 0.2793198464463469
14 0.5635034713133966 0.6040176441235283 0.20844764660175033 0.28904740328776063
1 0.5186872272940228 0.614440026453615 0.19107700938493916 0.27515089351431193
13 0.453721044103145 0.6012383421688363 0.19038218389626704 0.27793019546900133
11 0.41133668929412204 0.6196512176186604 0.1876028819415757 0.2758457190029839
8 0.3616566668540379 0.6234727578063601 0.18551840547555834 0.2751508935143126
7 0.2873103395660799 0.6307684254374215 0.1869080564529032 0.2744560680256395
15 0.2153959014884763 0.6505709518645869 0.1848235799868859 0.2723715915596216
