48 0.24728872842148195 0.4933559477894832 0.1556606517892088 0.23491470315749388
33 0.26437343410566333 0.6103387242103362 0.1537623511576328 0.2372875789469624
31 0.43213575242116703 0.6720334947365473 0.16467757978919453 0.2439316311574784
22 0.3234580412634563 0.7142706837891071 0.15993182821025365 0.23918587957853885
40 0.561694770526203 0.6392878088418662 0.1580335275786778 0.23633842863117632
50 0.6347793448418725 0.6203048025261098 0.17227078231549592 0.2477282324206298
43 0.721389311157518 0.7024063048417597 0.17274535747339098 0.24772823242062963
27 0.6611182661049841 0.2795598391582677 0.155660651789207 0.23254182736802487
30 0.7410841802101111 0.3217970282108273 0.16277927915761642 0.23728757894696428
20 0.7681349642100672 0.4598983991579616 0.1656267301049822 0.24488078147326603
45 0.5937285936840428 0.34600036126341766 0.15566065178920926 0.23159267705223766
51 0.5569490189472658 0.39511889010544055 0.1770165338944358 0.23966045473643396
26 0.6916671909967037 0.5561762207055755 0.1478083312266954 0.2368723256838032
36 0.49680022440083405 0.5337523072075051 0.16107318146498673 0.24382058057052908
49 0.4715338429945609 0.6237637909673474 0.15980986239467174 0.24192560196505858
25 0.33067376665459053 0.5624928160571365 0.15601990518373043 0.23687232568379918
35 0.44595163182070935 0.45258405693985354 0.15791488378920007 0.2393989638244306
32 0.3332004047952201 0.4194219313441226 0.16359981960561418 0.24761053778147063
39 0.5028009899848229 0.3300421071194347 0.16170484100014304 0.24697887824631437
46 0.5545970718676845 0.24066228289474487 0.16423147914077346 0.2375039852189613
28 0.3916289117972254 0.2694027917443792 0.16675811728139753 0.23939896382443102
34 0.33730619177373844 0.30256491734011187 0.17560135077359226 0.251400494992411
23 0.2634020261603891 0.34709691456866587 0.17181139356265207 0.24824219731662528
42 0.5432728341113676 0.5625413845391095 0.17168677223892662 0.2542216372813823
