14 0.8627655124181214 0.3891766779527455 0.19368188058726146 0.28379056299951483
30 0.6835838795753609 0.381926554080495 0.1833245607697601 0.27550470714551456
7 0.7169862359867996 0.5942516103392564 0.18177096279713378 0.2734332431820141
2 0.8112378463260549 0.5626617848958787 0.18384242676063384 0.27550470714551323
1 0.5932162641676679 0.4308648902181844 0.17452083892488357 0.2729153771911388
23 0.5486797889524163 0.5769030996449415 0.18487815874238422 0.2708439132276382
17 0.45572284359034954 0.5370274183475645 0.1719315089705088 0.27187964520938784
8 0.4176589216407083 0.414034245514746 0.18177096279713323 0.27343324318201345
28 0.3283270382147684 0.387623079980121 0.18436029275150972 0.2744689751637649
31 0.15898485919863378 0.41351637952387293 0.1926461486055101 0.2744689751637659
10 0.2868977589447665 0.5173485106943173 0.18436029275151067 0.27602257313638984
25 0.12687716776438115 0.5344380883931894 0.18539602473325897 0.27809403709988867
