46 0.8328320865252151 0.4121436488378886 0.1948211857671845 0.2899531682909263
30 0.6855768920199017 0.3631535261011113 0.19197292281737158 0.2865352527511515
22 0.5522781859686703 0.3961933763189379 0.202226669436697 0.29337108383070165
44 0.39448441854905014 0.3668562679358676 0.19994805907684718 0.2893835157009639
49 0.25862227584298747 0.43379044725646454 0.18684604950770897 0.28425664239130105
39 0.11677878094231814 0.4221125691622325 0.1993784064868846 0.2950800416005884
29 0.8632833784089936 0.6513977366221501 0.19709979612703477 0.28881386311100166
28 0.7222943623932673 0.6317447222684428 0.1976694487169965 0.2905228208808887
23 0.5753239941829357 0.6642149198963065 0.1999480590768471 0.2928014312407386
34 0.4163909215833901 0.650258431442224 0.1896943124575208 0.2945103890106247
43 0.2845414686862825 0.6770321031704638 0.20222666943669726 0.29451038901062676
41 0.14155866860568786 0.6454163844275438 0.1942515331772214 0.29621934678051454
