18 0.8424507144764866 0.3804873802107771 0.192773172339121 0.28170444245136633
27 0.7050598899916991 0.3940667058865991 0.1842528111307613 0.2747816489695745
1 0.5610125333128818 0.3823512092251057 0.18478533370628403 0.2737166038185297
16 0.41803022178510857 0.3908715704334645 0.1799926305265817 0.27371660381852964
0 0.26732633291226054 0.3786235511964482 0.18212272082867137 0.27371660381852947
28 0.12354523752120414 0.40365211224600295 0.18318776597971648 0.2737166038185297
15 0.8519587240047639 0.6195900166203491 0.19383821749016486 0.2880947133576351
5 0.698858483542065 0.6238501972245284 0.18372028855523861 0.2880947133576352
30 0.5606688751939939 0.6113359166997513 0.18531785628180603 0.28649714563106804
25 0.42655058299346765 0.5948277168585557 0.18105767567762676 0.2886272359331576
20 0.285165839192262 0.6054781683690045 0.19330569491464256 0.2896922810842023
22 0.13845586963583212 0.6185249714693041 0.1842528111307612 0.2891597585086803
