28 0.8291042230112395 0.7146789925809177 0.16195081896455193 0.24010150486023762
32 0.7455394835745882 0.6506519246181844 0.15865530811352813 0.2382183558025105
22 0.6697427340010624 0.714443598948699 0.1548890099980744 0.23774756853807838
45 0.5878257499899218 0.6555951908947216 0.15583058452693854 0.2396307175958077
35 0.5176784475895783 0.7052632472922745 0.169954202459894 0.24198465391796328
25 0.44706035792480286 0.6668940852410807 0.16148003170012 0.23586441948034953
46 0.3738050879588802 0.7064402154533583 0.15535979726250657 0.2358644194803522
37 0.2977729447531376 0.6673648725055146 0.15583058452693874 0.23680599400921426
48 0.22974418504273728 0.7057340345567097 0.1676002661377343 0.2401015048602381
29 0.15182889277926753 0.6725435324142606 0.16901262793102972 0.2424554411823941
51 0.13488055125972143 0.4387976556238565 0.1840778203928485 0.24857567562000948
27 0.191375022991542 0.33569524471328555 0.18125309680625695 0.25799142090864685
33 0.26764255982950075 0.39666219545720866 0.1793699477485305 0.2641116553462615
20 0.35897528912927545 0.42396785679425286 0.17089577698875613 0.24716331382671408
23 0.4232377507242233 0.3726520449711843 0.17419128783977939 0.25187118647103307
38 0.5084502455863845 0.4169060478277767 0.1638339680222794 0.24245544118239593
34 0.5720065262846845 0.3653548423724922 0.1770160114263709 0.25704984637978484
21 0.6588667765723577 0.40749030253914037 0.17089577698875769 0.25092961194216823
50 0.7367820688358231 0.4569229653044821 0.16665869160887026 0.2433970157112583
39 0.8382367243208891 0.4352667511406203 0.16901262793102942 0.24904646288444274
