10 0.8869721484979739 0.6404580185618959 0.125672963976433 0.1898712273080479
4 0.8326954349539719 0.5972700959569915 0.12217124052198364 0.18442410193445632
9 0.7807532037129391 0.541437060877678 0.12100399937049885 0.18636950385359616
1 0.7278382715123343 0.4875494277175044 0.11866951706753022 0.18208961963148856
23 0.6735615579683346 0.43366179455733117 0.11750227591604656 0.1793660569446929
29 0.6212302463434703 0.47529339562692335 0.12411664244112303 0.18481318231828464
20 0.5720115777892348 0.531710051281979 0.12139307975432648 0.1832568607829729
6 0.5214311278915995 0.5959083146135938 0.12061491898667034 0.18403502155062865
30 0.468905276074824 0.5564166556550549 0.12061491898667005 0.18442410193445663
11 0.41034867830871485 0.5225666622620219 0.11944767783518573 0.1828677803991448
22 0.3449831738256166 0.4673172477584504 0.12489480320877779 0.18131145886383265
3 0.2932354827764969 0.5169249966965163 0.12333848167346578 0.18481318231828447
5 0.2383751486567534 0.5700344690890341 0.12333848167346578 0.1852022627021129
0 0.181116918671919 0.6229494012896375 0.12256032090580982 0.1859804234697688
24 0.13345457165299277 0.5892939480885184 0.12761836589557318 0.19181662922718787
14 0.0846249834825829 0.5533040125844317 0.1272292855117453 0.18753674500508105
