0 0.18079141438986418 0.6155573988883651 0.1922406497635957 0.3014077777456955
4 0.13020176971523442 0.3842150382394341 0.18691542400837335 0.2774442618471867
8 0.2633324135958422 0.3993919316418231 0.18691542400837338 0.27691173927166407
30 0.4028533283827175 0.4159001314830179 0.1890455143104623 0.2737166038185299
25 0.555953568845418 0.39806062520301666 0.1810576756776262 0.272119036091961
17 0.6874866449994589 0.3850138221027178 0.1799926305265817 0.27478164896957447
31 0.8331315694048433 0.39752810262749455 0.18904551431046296 0.27531417154509674
15 0.8532900304435697 0.6147973134406466 0.19224064976359842 0.2774442618471863
5 0.7153666833832593 0.5996204200382574 0.19117560461255212 0.2779767844227093
27 0.5790409040495181 0.633169342296171 0.1933056949146426 0.27797678442270907
12 0.32822277097845204 0.6275778552531843 0.1837202885552385 0.30194030032121916
9 0.45123548592413393 0.6384945680513943 0.18798046915941793 0.30247282289674127
