34 0.7761406557626532 0.6612446380679026 0.15677215905580127 0.23021497230716864
51 0.7057579597300944 0.5783860795278994 0.15159349914704975 0.23021497230716897
47 0.6417308917673593 0.6205215396945427 0.15724294632023075 0.2306857595715952
40 0.5901796863120786 0.7203284397540973 0.15112271188261964 0.22409473786955383
25 0.5282711610392934 0.678663766851881 0.1515934991470519 0.2273902487205773
42 0.4402339425905404 0.6085164644515334 0.14500247744500622 0.22550709966285015
43 0.3752653000989467 0.6772514050585855 0.16006766990682558 0.23021497230716936
37 0.3114257754216618 0.6087518580837536 0.17560364963307604 0.2382183558025103
39 0.23704138764142918 0.6421777538584104 0.1482979882960282 0.24480937750455012
38 0.16783565976994935 0.672072745149834 0.16712947887330146 0.2575206336442145
31 0.11957996516568714 0.48540559480261014 0.1676002661377348 0.23821835580251002
26 0.23186272773267988 0.43197124028959577 0.16430475528671112 0.23963071759580581
24 0.31519207353711587 0.3754767685577764 0.169954202459893 0.24339701571126127
48 0.41099728184899414 0.4209077395754461 0.1544182227336415 0.23633520674478184
35 0.4733765943862146 0.3587638206704453 0.1624216062289832 0.24198465391796475
22 0.5557643656617867 0.40772569617135773 0.15018113735375668 0.23539363221591877
21 0.6247346999010499 0.370062715016807 0.15535979726250504 0.23633520674478173
44 0.7038269603256011 0.3293396166434567 0.16383396802228006 0.24339701571126102
32 0.774680443622592 0.34016772372538717 0.15112271188262105 0.23680599400921326
20 0.8556558531048676 0.42208470773652346 0.16053845717125337 0.2405722921246653
