30 0.11979095336377084 0.42472793394990455 0.20092076774461318 0.2923016417042626
1 0.2703350854639622 0.39949843615692804 0.20092076774461326 0.295230515869636
5 0.4164859063160936 0.4071135089868989 0.19330569491464256 0.28351501920814226
21 0.5630119745262929 0.3886616017450465 0.19096259558234402 0.2864438933735158
29 0.7021334973815289 0.3804607540820012 0.19271992008156866 0.28878699270581454
17 0.8488700930667342 0.4009628732396149 0.20033499291153953 0.28995854237196417
7 0.8607961172032345 0.621799985308767 0.19974921807846402 0.29464474103656113
10 0.721674594347999 0.5974903297361682 0.18979104591619456 0.2952305158696356
28 0.5778668728281663 0.6089129389811241 0.18920527108311994 0.2946447410365613
27 0.43933112480600583 0.6267790713899017 0.19916344324538934 0.29991671453423335
8 0.288494105289278 0.6261932965568301 0.20443541674306265 0.3010882642003823
14 0.16167385392861014 0.6399590051340822 0.205021191576136 0.30870333703035246
