30 0.11619885663022249 0.6176968161079602 0.1759032415286241 0.25080121541550804
23 0.19088283630600064 0.677615195217467 0.15835571621798256 0.24052949328244957
31 0.2687767291483596 0.6262565845521755 0.16177962359566903 0.24224144697129238
22 0.3464566277796127 0.6756892473175178 0.15878370464019204 0.24523736592676668
40 0.4241365264108672 0.6303224745631778 0.16605950781777634 0.24523736592676815
43 0.511660158752966 0.6829650504951007 0.15707175095134862 0.24352541223792404
38 0.5816362657844265 0.6316064398298097 0.1626356004400891 0.24609334277118908
29 0.6766496955152158 0.669911403617673 0.16349157728451175 0.24737730803782124
24 0.748123762024414 0.6331043993075474 0.16520353097335463 0.24823328488224322
32 0.8144619674670821 0.668627438351041 0.16006766990682464 0.24652133119340022
25 0.8437791743885202 0.3854035742007923 0.1630635888623023 0.24694931961561004
51 0.7624613741684766 0.3449586683018758 0.16477554255114424 0.24823328488224292
21 0.6790036318373773 0.38283564366752837 0.15707175095134976 0.24609334277118924
33 0.5949039068729622 0.34260473197971636 0.16006766990682547 0.24694931961561067
50 0.5264257593192394 0.38069570155647403 0.1634915772845115 0.2478052964600319
39 0.43719017328829507 0.34731260462403496 0.16905542677325047 0.24609334277118974
36 0.36571610677909744 0.30451376240295863 0.17162335730651657 0.25550908805982614
27 0.29488402290321525 0.37213593311225907 0.17119536888430464 0.2529411575265614
28 0.2103563095165905 0.3276251372023397 0.18189507943957467 0.2572210417486692
46 0.13267641088533685 0.36721406625683556 0.18061111417294243 0.25336914594877236
