24 0.1416510050889664 0.3982881880752147 0.20874884960479256 0.2960825519904705
6 0.28010687472479884 0.37432467217670634 0.20661875930270335 0.302472822896741
14 0.43507094420182413 0.3839100785361083 0.20129353354747864 0.2960825519904707
10 0.5690003719457178 0.361544130364168 0.20182605612300136 0.293952461688382
21 0.713580251200058 0.3437046240841665 0.20129353354747898 0.2955500294149493
18 0.8613552659075319 0.36500552710506357 0.19330569491464228 0.28809471335763503
28 0.8254099920597677 0.5897300539755294 0.19490326264120944 0.29661507456599406
7 0.6788888869599724 0.5782808186017953 0.1842528111307596 0.2971475971415148
1 0.5409655398996639 0.5963865861695582 0.1991634432453886 0.2982126422925605
16 0.12594158911105457 0.6041081635146344 0.20821632702926995 0.29022480365972336
13 0.2582734491283781 0.6227464536579183 0.2055537141516563 0.29022480365972375
22 0.3919366155845085 0.6312668148662758 0.2076838044537466 0.2934199391128584
