14 0.09094753971978736 0.5098437337108472 0.12796853824101845 0.19173881315042218
27 0.14979594777376726 0.520543444266115 0.13353238772975806 0.1908828363060002
1 0.20457846581674538 0.49743206946673524 0.12925250350765083 0.1891708826171577
6 0.26749276388172755 0.5218274095327482 0.12497261928554299 0.19173881315042213
29 0.32334525298023264 0.5442968016988136 0.12711256139659702 0.1895988710393688
16 0.3783417652343157 0.5111276989774797 0.13524434141860148 0.18660295208389321
21 0.43483623696613605 0.4777446020450399 0.13781227195186602 0.1848909983950499
28 0.4836269170981634 0.5190454847883779 0.12582859612996475 0.1870309405061034
31 0.5369114756634034 0.47218075255630104 0.12197670033006873 0.1840350215506291
19 0.591052011073065 0.44029561510159754 0.1258285961299648 0.18788691735052523
20 0.686065440803855 0.43515975403506885 0.11726882768574938 0.18446300997283915
2 0.639628696993987 0.5162635600440082 0.12540060770775413 0.18489099839505005
11 0.7498407672178077 0.4925102026113107 0.12968049192986128 0.18788691735052543
13 0.8063352389496282 0.4319498408684882 0.11940876979680308 0.18317904470620683
17 0.8906489581251479 0.4604110709455037 0.1228326771744875 0.18617496366168262
15 0.8491340811707049 0.5209714326883269 0.12540060770775388 0.1883149057727364
