33 0.8193691958072216 0.3495293738352296 0.21388524113201868 0.296451234951365
37 0.771795456511308 0.3353752034661994 0.20523547035094306 0.2901604925651288
30 0.7285466026059398 0.35031571663350947 0.20209009915782475 0.2917331781616878
28 0.6782206635160528 0.3377342318610377 0.2052354703509425 0.3058873485307185
49 0.6271083816278862 0.3341956892687801 0.20838084154406317 0.28780146417028996
26 0.5858253847182132 0.3145371193117931 0.20759449874578315 0.2925195209599677
22 0.5323540744352091 0.3263322612859853 0.2028764419561065 0.2988102633462034
23 0.4847803351393006 0.3251527470885655 0.1957993567715906 0.27915169338921586
31 0.43838611004081046 0.324759575689426 0.1926539855784724 0.2783653505909362
47 0.38845334235006396 0.33537520346619987 0.1792861580077207 0.276006322196099
39 0.3416659458524348 0.35110205943178907 0.1800725008060007 0.27757900779265765
42 0.2933058637582466 0.35582011622146537 0.17614078681460396 0.2791516933892148
27 0.27207460820470075 0.3684016009939366 0.19501301397331117 0.2791516933892152
50 0.2315779540933077 0.3703674579896362 0.19422667117503173 0.2752199793978183
20 0.12188313373331963 0.6679982071384175 0.1934403283767524 0.2822970645823322
24 0.16985004442836846 0.6491259799797123 0.17928615800772246 0.27757900779265654
45 0.28529946435758585 0.6918744339225503 0.19529895680905432 0.2864432357005407
41 0.23274710286293615 0.6469814087116916 0.21445712680350137 0.29809540625686665
44 0.3338993810052518 0.6462665516223407 0.2065936988207056 0.29094683536341326
40 0.37893537763398555 0.6266079816653526 0.19801541374856493 0.2845131215593085
38 0.43111994515616886 0.6437645518096334 0.22375026896498418 0.29452112081013554
32 0.5008185113673082 0.6798648348215535 0.19873027083790593 0.29237654954210224
35 0.5587219356042535 0.6584191221412052 0.20873827008873852 0.2909468353634131
36 0.6248462163686606 0.6462665516223411 0.18514798614035538 0.2852279786486549
21 0.6829608808755158 0.6673548357580285 0.19086684285512445 0.2802239790232439
43 0.7530168756313187 0.6577042650518626 0.1937262712124969 0.2837982644699647
46 0.8080608715108812 0.6527002654264461 0.19372627121249433 0.2852279786486545
34 0.8598880104883975 0.6387605521842192 0.2015896991952905 0.28451312155931013
