40 0.15759547896374296 0.6393552614910871 0.20429043569374092 0.27919692878144564
30 0.2860066099712371 0.6060364642410366 0.19748075450394947 0.2816289577777999
26 0.41830898737289773 0.6211150440184309 0.1887254501170748 0.27481927658800903
50 0.5571778430647147 0.5843914061734858 0.18240217472655432 0.2723872475916547
49 0.6916690465630942 0.6021452178468705 0.18288858052582518 0.2777377113836337
33 0.8285922790578273 0.5800137539800488 0.18726623271926293 0.27433287078873797
45 0.8443501442333402 0.36550879650162055 0.18677982691999176 0.2782241171829043
42 0.7101021436345962 0.3866674487699008 0.18580701532145 0.27871052298217514
37 0.5748813314373105 0.37572331828630756 0.1916438849126999 0.2762784939858211
25 0.17072843554405495 0.38569463717135927 0.2081816820879074 0.2864930157705081
38 0.30059878394936174 0.39517955025713997 0.20137200089811594 0.29281629116102875
29 0.4343603787488345 0.4044212604432855 0.18483420372290812 0.2967075375551954
