43 0.7161339132619395 0.5381682290517137 0.16989790652602718 0.24867738273641876
23 0.6719984235778038 0.6352188488410235 0.17464365810496654 0.251050258525889
30 0.6938288808409233 0.7193657700871974 0.16894875621023867 0.24221366908590405
20 0.48420666072338747 0.7062746143566949 0.17801314172601287 0.25151534218062577
21 0.3277273667868119 0.7780541069881514 0.1728450182565483 0.2538122859448329
29 0.3751018319235729 0.7550846693460855 0.174567726079703 0.24921839841641982
34 0.28552102511951477 0.6942156595946105 0.16652842290498004 0.2515153421806267
32 0.24876992489220873 0.6083673864073874 0.16308300725867028 0.24979263435747004
27 0.6167891259730949 0.5914561379434068 0.1974050894553322 0.28016971563909765
48 0.6599975093575164 0.47207535697847336 0.1757908486341398 0.269592289604928
36 0.22712122991455896 0.4963942490820137 0.1632839898380375 0.24735787396740935
38 0.28270726900836 0.44740905213060417 0.1716218957021081 0.2508320014107718
51 0.3695604550924195 0.4991735510367008 0.1730115466794503 0.2640336856955484
40 0.31292694460507237 0.28423730147457127 0.17472994449731022 0.25454485741583494
42 0.36275733618393474 0.3258704857807209 0.17429851253558815 0.2541134254541135
28 0.43204817825898856 0.38057486993197964 0.1705480744923392 0.25076883545725526
31 0.5880680834427227 0.38878644388901834 0.17560135077359218 0.254558792668196
33 0.6256518257845508 0.3091973424592608 0.16991641495718335 0.24824219731662836
49 0.5173222155051573 0.46174312019962904 0.17054807449233828 0.248873856851782
26 0.3268768656553796 0.5928124737446613 0.1648631386759228 0.24697887824630674
