48 0.0866676554976797 0.5329551085102282 0.13396037615196907 0.19858662790579454
32 0.1431621272295006 0.5087737626553203 0.13224842246312607 0.19473473210589792
46 0.19430674368368692 0.482238480478253 0.1343883645741799 0.19559070895031916
45 0.24694931961561095 0.4539912446123429 0.13524434141860142 0.19644668579474106
35 0.2950980171143215 0.4178262229355331 0.13652830668523283 0.19516272052810846
47 0.3518064830572477 0.3887230102252008 0.13010848035207198 0.19345076683926485
41 0.40295109951143454 0.3561958901371829 0.1399522140629203 0.19858662790579473
39 0.4540957159656208 0.323240781626954 0.13438836457417966 0.19601869737252997
22 0.5099482050641231 0.3420722722042281 0.13053646877428385 0.19516272052810904
28 0.5664426767959445 0.3609037627815014 0.13310439930754603 0.197730651061373
51 0.6227231543166603 0.3780232996699319 0.13267641088533566 0.19601869737252972
38 0.681785556581747 0.4039165992136833 0.1292525035076508 0.1947347321058976
33 0.7402059762135154 0.4315218524462777 0.1313924456187041 0.19601869737253005
27 0.7981984074230712 0.4527072793457107 0.1326764108853349 0.19387875526147538
36 0.9092614029867657 0.5096297394997426 0.12882451508543807 0.19559070895031927
37 0.8510549775661039 0.4803125325783046 0.12711256139659596 0.19430674368368692
