10 0.8570859966479225 0.46828994871802054 0.16769364542985396 0.2525131691043513
27 0.7921095725486523 0.5377407972313126 0.16691548466219833 0.25056776718521084
1 0.765846646640264 0.4046753059621478 0.1649700827430577 0.2505677671852112
3 0.6899759717938104 0.44650144722365437 0.16185743967243474 0.24940052603372695
12 0.6271394898055935 0.534239073776861 0.16224652005626244 0.24823328488224322
28 0.559634043211441 0.4692626496775902 0.15952295736946648 0.2482332848822434
4 0.49679756122322416 0.5021399421110535 0.16691548466219794 0.25095684756903947
5 0.42423406963930865 0.5398807393423665 0.16341376120774637 0.24706604373075933
30 0.35128149767156414 0.5025290224948812 0.16069019852095043 0.25173500833669465
31 0.28299789030975636 0.4546721352840416 0.1680827258136821 0.2517350083366951
11 0.20446174170159692 0.47898965927328957 0.18014421771234881 0.252902249488179
15 0.13831807645084243 0.52392844360542 0.17625341387406931 0.2540694906396631
