28 0.0984373371084757 0.5413265620486701 0.16434755412893332 0.2396735164380275
9 0.17269332836204335 0.5659358963257893 0.16648749623998726 0.2426694353935029
5 0.249731244359981 0.5924711785028574 0.1656315193955658 0.24095748170466036
3 0.3147854845360171 0.5655079079035791 0.16819944992883026 0.23667759748255274
6 0.3834776263008447 0.5381166488820895 0.16605950781777623 0.2358216206381307
12 0.45559367544335827 0.5132933203938663 0.16734347308440845 0.2409574817046605
15 0.5274957303747668 0.5237790367380302 0.1604956583290365 0.23881753959360663
22 0.5996117795172806 0.5316968225489289 0.16006766990682575 0.2401015048602388
23 0.6663779733821602 0.5443224810041465 0.16349157728451202 0.2379615627491851
1 0.7429929524624354 0.5578041163037842 0.16391956570672292 0.23838955117139474
14 0.8196028800381618 0.5678618442257375 0.16220761201787914 0.23710558590476347
18 0.8850851086364095 0.5774915837254806 0.15792772779577216 0.23410966694928834
