35 0.11705483347464402 0.5227219053351693 0.16306358886230118 0.23453765537149895
25 0.19366476105037086 0.5599568980675051 0.16049565832903667 0.23796156274918517
48 0.25871900122640684 0.608105595566216 0.159639681484615 0.23496564379370943
27 0.3304070619467096 0.5764344523226201 0.16605950781777634 0.23239771326044545
46 0.3931073658005865 0.48570090681393807 0.1656315193955651 0.23068575957160184
51 0.47335519496510536 0.5165160732131132 0.15749973937356132 0.23239771326044503
37 0.5467552093742508 0.5543930485787655 0.16135163517345766 0.23196972483823408
38 0.612665426394709 0.5137341484687432 0.1562157741069292 0.23111374799381282
34 0.6914152960814897 0.5708706028338802 0.15878370464019356 0.2323977132604452
36 0.7558275536242097 0.5368455232681245 0.16777146150661998 0.23624960906034181
49 0.8172489437160031 0.4865568836583596 0.1677714615066188 0.2349656437937096
32 0.8972827786694139 0.5011084900135253 0.14808399408492381 0.2375335743269744
