37 0.8654758390993336 0.6136152927022716 0.20310510567355583 0.30136049770394424
31 0.713147009844167 0.6244959233633548 0.2017862413509999 0.2980633368975554
27 0.5641153413953893 0.6360359861857159 0.19387305541566668 0.2947661760911664
23 0.4071704870112783 0.653510938459577 0.19387305541566646 0.2914690152847775
26 0.2660520044978341 0.6406520113146601 0.19255419109311103 0.28817185447838856
25 0.13122700009427762 0.6228473429601605 0.1978296483833331 0.2921284474460557
43 0.1437562111585554 0.38907864178718854 0.2057428343186665 0.29146901528477775
46 0.2786100881398608 0.4042455814965772 0.19585135189949976 0.2954256082524442
44 0.4101668043147773 0.41875308904468794 0.19387305541566652 0.29674447257499953
45 0.5552418797958883 0.4052347297384939 0.19387305541566646 0.2974039047362774
20 0.7046032643253051 0.3943540990774105 0.19585135189950023 0.2967444725749996
42 0.8371202561643887 0.3841329005776042 0.21761261322166583 0.2974039047362774
