38 0.31354070044025184 0.26596814912747724 0.16224652005626247 0.22605570300404879
48 0.4386300438409434 0.2749169979555207 0.15407583199587507 0.2244993814687366
34 0.5592449628276132 0.3340572162973713 0.150963188925251 0.2198304168628011
47 0.6804435023900252 0.3875557690737172 0.1567993946826708 0.22333214031725326
21 0.6069073098465397 0.4727643731320421 0.14901778700611132 0.22177581878194033
39 0.49290675738494405 0.4326890935977615 0.14901778700611307 0.2256666226202211
40 0.2820251893501858 0.4717916721724723 0.15524307314735855 0.2206085776304575
29 0.37579356185272433 0.408955190184256 0.15057410854142353 0.22177581878194158
33 0.3684010345599957 0.5402698197261967 0.14668330470314425 0.21983041686280358
36 0.4705346353148371 0.5719798710081747 0.14785054585462729 0.224110301084909
43 0.3150970219755638 0.6859804234697683 0.14901778700611143 0.2147723718730381
37 0.43240475769969594 0.6982364555603493 0.14240342048103619 0.2136051307215536
25 0.56157944513058 0.6169186553403053 0.14785054585462784 0.2198304168628032
51 0.673829135864948 0.6505741085414235 0.15135226930907938 0.21710685417600487
44 0.6458153482293346 0.7423970791248243 0.14201434009720695 0.2186631757113185
31 0.5388182426766437 0.719830416862802 0.1482396262384559 0.22333214031725368
