15 0.12274645365792015 0.3852800833904783 0.19543578521673186 0.2817044424513653
23 0.2715865135164397 0.3938004445988375 0.18212272082867126 0.27531417154509635
3 0.41616639277078 0.37436337059226915 0.1901105594615079 0.2801068747247988
31 0.5588824430107914 0.3967293187642106 0.18798046915941774 0.2779767844227086
9 0.6978708352221461 0.36451170294510393 0.18691542400837327 0.2774442618471864
4 0.8503611562781966 0.391404093008987 0.1906430820370305 0.2811719198758437
22 0.8705970141480482 0.6131997457140781 0.19383821749016383 0.2806393973003206
11 0.7276147026202743 0.5969578071606416 0.18798046915941696 0.2822369650268867
25 0.5833010846536963 0.6174599263182564 0.19756587551881954 0.28809471335763387
0 0.45363183751398545 0.6073419973833328 0.1863829014328509 0.29341993911285974
19 0.30851943568412227 0.627844116540945 0.20289110127404483 0.2992776874436057
12 0.15888059196231916 0.6270453326776579 0.19863092066986565 0.2998102100191262
