20 0.6762969405852747 0.6306583258001255 0.1918676315803644 0.2889785494047821
21 0.818432011219195 0.6082933871496534 0.20658140700830657 0.29250985550748815
29 0.530630563848648 0.6583202236046565 0.19010197852901148 0.29015565143901745
38 0.3946752788944636 0.6394865910568908 0.19834169276865896 0.28544724330207605
43 0.2601395495660153 0.6318354278343606 0.19422183564883505 0.28309303923360496
33 0.12124150952624259 0.6494919583478912 0.19539893768307057 0.28662434533631126
25 0.2845644167763993 0.395237918953052 0.205404304974071 0.29721826364442905
39 0.14625492775374405 0.4190742351463186 0.1995187948028943 0.2978068146615473
44 0.40404027325128894 0.4093631433638769 0.19245618259748212 0.3019266717813711
31 0.5558864356676507 0.42495974531749553 0.1901019785290115 0.29309840652460595
37 0.845505358006609 0.3846440006449342 0.21128981514524803 0.29721826364442966
24 0.6910107160132166 0.40583183726117084 0.18951342751189373 0.2983953656786651
