12 0.15302326445059705 0.6185127729923326 0.20117743857840728 0.29213532304204864
8 0.294810554938039 0.5957733018764227 0.19796716030322042 0.28838999838766427
7 0.4103805728447839 0.5797219105004859 0.19368678926963726 0.28838999838766427
28 0.5339762864394971 0.594703209118027 0.1936867892696373 0.2905301839044558
21 0.6762969405852747 0.6153024947171458 0.19475688202803312 0.2867848592500706
30 0.8239697412438913 0.6032639511851922 0.20652790237038382 0.2990909259716208
15 0.8480468283077979 0.3884428299372392 0.19368678926963717 0.2910652302836537
31 0.6985013653219871 0.4002138502795929 0.18138072254808563 0.29320541580044535
27 0.5682175719872995 0.3812197038180672 0.19368678926963678 0.29160027666285093
14 0.43632863951501943 0.359817848650152 0.19422183564883505 0.29160027666285165
20 0.2916002766628517 0.3863026444204476 0.18084567616888783 0.2857147664916749
6 0.15436088039859214 0.4101122082947539 0.18459100082327307 0.2744787925285191
