50 0.12593559323551687 0.5480203009720453 0.20196773644125884 0.2664655916684191
35 0.14853338192824556 0.42279088863317504 0.19537671473921395 0.2655240171395567
40 0.21962225885745246 0.4734005195595963 0.19443514021035083 0.2744689751637608
45 0.3420269476097312 0.4143167178734019 0.1850193949217141 0.2636408680818292
24 0.4347720387028035 0.4665741042253362 0.19725986379693927 0.27023188978387486
44 0.27988302870472886 0.5788568667923334 0.18501939492171326 0.2659948044039901
21 0.4733765943862146 0.5840355267010815 0.18972726756603145 0.2669363789328535
22 0.566592472743719 0.4138459306089713 0.18219467133512068 0.26364086808182996
49 0.6374459560407107 0.4851702011703952 0.19490592747478186 0.2763521242214888
43 0.7709141455071378 0.38865881196186747 0.18031152227739508 0.2631700808173966
25 0.7099471947632147 0.5553175035707395 0.18172388407069104 0.26317008081739707
36 0.8646008111290743 0.48446402027374785 0.17748679869080333 0.2589329954375119
