8 0.8567514271844654 0.34184079506983794 0.19703335294329924 0.2896922810842025
27 0.690071861045945 0.3365155693146136 0.19277317233912 0.28756219078211287
10 0.5526810365611577 0.3522249852925253 0.19809839809434443 0.28809471335763526
28 0.4049834186848089 0.3240012887898366 0.19224064976359764 0.28596462305554565
26 0.27105399094091553 0.34583471438625474 0.20555371415165705 0.29341993911285674
18 0.1371245631970256 0.3879039978525279 0.2050211915761354 0.29448498426390357
24 0.12993550842747292 0.6227464536579198 0.19916344324538887 0.28596462305554626
6 0.2822369650268881 0.6001142441982168 0.20342362384956847 0.2918223713862927
13 0.4151013476197345 0.5750856831486606 0.2018260561230019 0.2896922810842017
16 0.5546222624066115 0.597984153896126 0.19863092066986637 0.2886272359331565
2 0.6861553385606503 0.6094333892698586 0.20608623672717774 0.290224803659724
20 0.8344628758436499 0.5868011798101563 0.20235857869852394 0.28436705532897816
