47 0.23491470315749446 0.40159684101069315 0.16809452092602956 0.2568400754521944
21 0.2607553205048188 0.28205135873721243 0.17070468429444602 0.25997227149429497
42 0.657761168840986 0.37027488058969404 0.1680945209260304 0.2599722714942948
26 0.5538766667780034 0.27155434940896916 0.1701826516207634 0.2594502388206115
20 0.5131581182307056 0.3976252401034918 0.17227078231549664 0.2631044675363943
30 0.25657905911535306 0.5383130456611446 0.17279281498917967 0.25840617347324374
24 0.3019959017258021 0.7298990369029267 0.17174874964181272 0.2615383695153443
34 0.34767376067309236 0.6797839002293273 0.17435891301022965 0.2615383695153444
38 0.3970964210050507 0.5660757873129743 0.1584202114173306 0.26194920922953374
23 0.4168989474322172 0.5417568952094366 0.18134945254352336 0.2730664170482931
43 0.4908187740257759 0.72778637067253 0.16830594415887082 0.26436100018195097
33 0.5596135448454489 0.6840447309119306 0.18689865986477755 0.27110409622791626
27 0.5938899491831591 0.533569856788061 0.1771804996114879 0.2688974641162586
28 0.6328001765488197 0.6075687713316832 0.1771804996114895 0.2709819405822756
51 0.7144421714678378 0.4984811696100978 0.17648567412281635 0.2695922896049297
31 0.687691390153947 0.6874737025290206 0.1827391035208689 0.27376124253696665
49 0.7724600997719928 0.6436996967426523 0.188297707430248 0.2779301954690011
40 0.29773272189616745 0.41649176194674487 0.18551840547555787 0.2751508935143111
29 0.3467179188475788 0.34978851503418473 0.18065462705485122 0.27376124253696676
48 0.7495254162407554 0.3508865821318839 0.1768871043059205 0.26670339451890274
