33 0.8830813446596957 0.522177581878194 0.15290859084439135 0.22800110492318906
28 0.8101287726919518 0.48326954349539675 0.15407583199587518 0.22955742645850066
22 0.7367871203403802 0.5031126430706223 0.15835571621798245 0.23189190876146848
45 0.6597492043424424 0.5330718326253766 0.15213043007673538 0.226444783387877
31 0.5899092754453222 0.5040853440301934 0.1525195104605629 0.23072466760998478
21 0.5165676230937504 0.5303482699385813 0.15446491237970306 0.22644478338787713
42 0.4467276941966303 0.5142014340097205 0.15174134969290745 0.23228098914529624
30 0.377082305491424 0.49980545980808616 0.15641031429884314 0.2385062752865446
50 0.30815166399175026 0.5161468359288607 0.15563215353118703 0.23383731068060817
23 0.24103529778142593 0.5311264307062374 0.16535916312688628 0.23733903413506036
44 0.1745025521468434 0.5266520062922158 0.14979594777376742 0.24006259682185627
41 0.10699710555269103 0.5404643599181085 0.15796663583415477 0.23656087336740445
