23 0.8181896816098019 0.6462597604799833 0.18950861438535557 0.28386975017889243
26 0.7541027435500237 0.6788929866085806 0.191867642780192 0.28780146417029095
14 0.7112470610437902 0.669456873029228 0.19737204236814912 0.28780146417029107
13 0.6628869789496028 0.6623797878447135 0.21388524113201807 0.29094683536340654
17 0.6102020114648787 0.6431143892868662 0.20287644195610682 0.2995966061444825
10 0.5622351007698297 0.6580549024541759 0.19501301397331253 0.28701512137201013
8 0.5193794182635983 0.6580549024541753 0.203662784754385 0.2917331781616859
29 0.4710193361694096 0.656089045458478 0.19815838516642958 0.29723757774964404
6 0.41400948329414683 0.6647388162395523 0.20523547035094436 0.286228778573731
2 0.3554269448223262 0.6678841874326704 0.20287644195610657 0.28937414976684905
28 0.2960580635522254 0.6659183304369712 0.19894472796470905 0.28701512137201146
1 0.2543818952434125 0.6545163598619189 0.19894472796470872 0.2878014641702898
16 0.19737204236815067 0.6631661306429928 0.2028764419561067 0.29094683536340776
15 0.16709784463439 0.6427212178877264 0.1910812999819136 0.2862287785737302
30 0.8358823945710931 0.335375203466199 0.20130375635954817 0.2948785493548059
12 0.7997106258502328 0.3247595756894256 0.19658569956986927 0.2940922065565261
21 0.7592139717388389 0.3003829489427623 0.1895086143853548 0.28622877857373225
25 0.7191104890265865 0.3098190625221159 0.19265398557847446 0.28780146417029057
24 0.6695708927349786 0.312571262316094 0.20366278475438482 0.2948785493548053
20 0.609808840065737 0.31060540532039577 0.20209009915782647 0.29409220655652685
18 0.5622351007698304 0.31099857671953496 0.19658569956987093 0.29016049256512866
5 0.48871204913069866 0.32318689009286694 0.2115262127371804 0.3051010057324386
9 0.4419246526330685 0.30077612034190226 0.20759449874578167 0.29802392054792365
31 0.39081237074490277 0.30510100573243853 0.2060218131492246 0.294092206556526
27 0.3499225452343693 0.30392149153501974 0.21073986993890104 0.2885878069685701
19 0.2878014641702903 0.31768249050491093 0.20287644195610638 0.2972375777496444
22 0.24809115285717673 0.3168961477066312 0.2193896407199757 0.2988102633462026
7 0.16237978784471277 0.3188620047023303 0.20838084154406203 0.2948785493548057
