11 0.1273479550288127 0.5315188215435478 0.1577137335846664 0.23256890862932855
17 0.19066884209489518 0.49620977671115973 0.15535979726250715 0.23068575957160134
25 0.2572852400120004 0.4604299446143399 0.1548890099980753 0.22880261051387407
31 0.3262555742512641 0.4712580516962715 0.16195081896455324 0.22786103598501048
20 0.38275004598308615 0.5491733439597413 0.15347664820477966 0.22927339777830608
26 0.4486602630035426 0.47361198801842896 0.15441822273364217 0.2288026105138739
2 0.5150412672884336 0.5195137463005349 0.15818452084909837 0.23209812136489766
30 0.5875425060109365 0.5689464090658791 0.15630137179137082 0.23209812136489819
8 0.6628684683200303 0.5383452368778066 0.1544182227336424 0.23209812136489696
10 0.7405483669512847 0.49597438307894337 0.15818452084909798 0.23303969589376103
4 0.813755786570436 0.5145704800239994 0.1558305845269394 0.2344520576870564
29 0.8891295992263011 0.5414053540966159 0.16242160622898572 0.23445205768705624
