19 0.844033980463814 0.5933655931700322 0.2027825777160014 0.2964156940756327
30 0.7051894450619594 0.6096845077355677 0.20438771685359494 0.29909092597162173
31 0.5601918762993309 0.6003211960996045 0.20331762409519905 0.2985558795924236
21 0.42402257279346656 0.6260034223011026 0.21027322702476933 0.30176615786760974
2 0.2688608055469408 0.6128947860107544 0.1920816501320429 0.2980208332132252
13 0.13215645566187945 0.6441949991938317 0.21829892271274015 0.30390634338440253
27 0.14580013833142538 0.40502926769237324 0.21455359805835442 0.3071166216595895
8 0.27795659399330497 0.3825573197660621 0.20920313426637588 0.3017661578676111
12 0.4325849975814961 0.3935257705396192 0.2017124849576054 0.30979185355557987
1 0.5765124735857289 0.3731940081300989 0.20599285599118866 0.31514231734755827
29 0.7199032204899005 0.3742641008884947 0.19101155737364736 0.3001610187300173
3 0.8678435443381167 0.356072523995766 0.20331762409519846 0.29909092597162085
