2 0.7784246427484648 0.665199251089135 0.16157418915300725 0.23303969589376217
24 0.6230648454859562 0.6481096733902584 0.16260992113475786 0.23821835580251244
19 0.7753174468032141 0.44717766893074895 0.166752849061759 0.24546847967476257
11 0.8032822103104764 0.5616260529141357 0.1677885810435118 0.2413255517477669
12 0.6209933815224613 0.4435526069946289 0.16468138509826077 0.24650421165651445
30 0.5901803550653932 0.5499740681194474 0.16416351910738103 0.23770048981164021
8 0.42627576895344627 0.5776798986312548 0.17503870491575857 0.245468479674762
6 0.4236864389990721 0.47566029842887575 0.17503870491576012 0.244432747693013
5 0.40452539733669524 0.6835834937651988 0.1740029729340079 0.23770048981163763
9 0.8063894062557168 0.3612119144454959 0.1708957769887583 0.252718603547014
0 0.6031270048372683 0.368203105322309 0.17037791099788385 0.256343665483139
26 0.44258854766600947 0.37856042513980825 0.1796994988336344 0.25220073755613903
18 0.2382904142658125 0.37985509011699575 0.18850322067851 0.25789726345576414
27 0.21835257361712615 0.46556191160681587 0.1973069425233873 0.24598634566563798
20 0.2621122498460652 0.5476436711605056 0.18021736482451073 0.24961140760176487
29 0.2144685786855633 0.6240289048145731 0.18228882878801125 0.24702207764738873
