0 0.1812530968062599 0.7128425364394728 0.18125309680625987 0.1558776632533842
31 0.18073523081538376 0.7076638765307217 0.164681385098258 0.18177096279713376
29 0.3790779053205205 0.7169854643664736 0.18125309680626117 0.17555657090663546
25 0.38322083324751893 0.7224230572706608 0.1791816328427581 0.1843602927515096
6 0.198342674505135 0.4826511034955242 0.17918163284275945 0.18228882878800948
7 0.19186934961919674 0.48679403142252353 0.18177096279713376 0.1802173648245087
17 0.3992746789646457 0.4878297634042748 0.17918163284276073 0.18125309680625967
23 0.39539068403308164 0.48653509842708603 0.18384242676063384 0.1786637668518837
26 0.5810464133821077 0.7322625110972903 0.1864317567150122 0.17503870491576243
1 0.584671475318231 0.7330393100835999 0.1771101688792597 0.18487815874238545
8 0.7972554645724292 0.7506467537733524 0.19005681865113724 0.18073523081538478
19 0.8021751914857431 0.7506467537733497 0.18228882878800923 0.18487815874238536
24 0.6100469088711065 0.4968924182445872 0.18125309680625937 0.184878158742384
20 0.6053861149532309 0.49585668626283647 0.18539602473325906 0.17866376685188357
16 0.8368722128743693 0.5183838568659045 0.18436029275150878 0.1874674886967603
13 0.8386847438424309 0.5264107797244645 0.1910925506328833 0.18073523081538462
11 0.8151218412576199 0.2845673619858282 0.1905746846420127 0.18694962270588605
30 0.8156397072484967 0.2837905629995157 0.18953895266026188 0.18746748869676128
27 0.6118594398391732 0.26825458327326573 0.18798535468763863 0.1781459008610111
14 0.6097879758756694 0.2695492482504508 0.18073523081538392 0.19005681865113458
15 0.18694962270588533 0.2591919284329516 0.18125309680626042 0.1817709627971359
5 0.19186934961919747 0.26618311930976385 0.1786637668518839 0.18436029275150898
