42 0.738236729262752 0.6983724159996588 0.17701653389443522 0.25105025852588647
40 0.658854115429616 0.6480323781041587 0.19106680601904252 0.2633892126311332
43 0.6949766408602912 0.5806360616310111 0.19402388382788113 0.2624533504197647
20 0.7510984753073537 0.520226915207536 0.1718113935626549 0.245715559176002
34 0.5701280184849238 0.7198313283170908 0.18128628659000637 0.25708543080882423
50 0.5837086984907951 0.5713913375552361 0.1920244986876723 0.2621387070900781
26 0.5085412138071349 0.6538229068932037 0.16549479821108692 0.24634721871115953
48 0.47032581193014755 0.6013951654751875 0.18128628659000723 0.25266381406272775
22 0.38473594491639823 0.7094089459870038 0.20086773217986875 0.2615070475549251
28 0.32346497000618596 0.694249117143239 0.18949786054704493 0.2615070475549219
27 0.2631414843987104 0.6383472482818605 0.17749632937906637 0.2545587926681982
35 0.19965970111544962 0.6055009524537059 0.17686466984390933 0.25455879266819903
32 0.3938950081761716 0.5856036770962656 0.1863395628712606 0.26024372848460964
39 0.20281799879123397 0.47190496076803884 0.1692847554220281 0.24634721871116025
25 0.22676577312129836 0.4244752076253831 0.18191794612516465 0.25140049499241546
49 0.32214636292997784 0.3900497629593366 0.18065462705485083 0.2495055163869442
30 0.2602437284846093 0.36541504108821926 0.17560135077359548 0.2495055163869428
44 0.382154018769876 0.33193708572490843 0.17181139356265482 0.24824219731663016
23 0.6070248132857043 0.5394372430239234 0.19834109403924235 0.26529700476586293
24 0.4787979276488697 0.3508868717796133 0.17054807449234183 0.24697887824631704
46 0.5324889881371999 0.30319657687527357 0.16423147914077377 0.24255726150021906
45 0.45132073786954946 0.2855101098908819 0.16233650053530263 0.24129394242990457
51 0.6626108523795067 0.3006699387346462 0.16549479821108692 0.24255726150021859
38 0.605445664447813 0.26813947267407007 0.1623365005353024 0.24066228289474842
