13 0.10451477270386844 0.5255937076482029 0.1760744368975081 0.25516669732205705
20 0.1739558942075647 0.6308146612487157 0.17277892604648495 0.25657905911535084
6 0.24080768575688583 0.4118985832879127 0.17466207510421206 0.25846220817307963
18 0.30765947730620746 0.53901114468451 0.17748679869080367 0.2575206336442166
7 0.36839103441791315 0.4116631896556964 0.17089577698875597 0.25799142090864885
24 0.4232377507242223 0.6112769897747922 0.16854184066659594 0.253283548264329
26 0.4898541486413272 0.4603896715243909 0.16618790434443717 0.2565790591153532
2 0.5665924727437189 0.5729078277236028 0.17089577698875547 0.2565790591153514
23 0.6527465421347461 0.4900492691835995 0.16524632981557563 0.25469591005762454
19 0.7323095898237273 0.5707892850336606 0.16524632981557574 0.2551666973220582
29 0.7916287851421394 0.5055852489098499 0.17748679869080344 0.2546959100576247
0 0.8702502583022568 0.5559594862040567 0.16618790434443936 0.2556374845864888
