14 0.1032671864531241 0.4016996191866305 0.1638339680222802 0.15488900999807467
23 0.10562112277528346 0.406878279095381 0.15630137179137096 0.16242160622898488
28 0.28334331509830285 0.4045243427732217 0.16336318075784814 0.15583058452693876
25 0.2819309533050077 0.40687827909538155 0.15488900999807553 0.16430475528671273
29 0.4716582208710389 0.38922375667918596 0.16336318075784725 0.15630137179137046
22 0.47283518903211913 0.39228387389799435 0.15441822273364375 0.16336318075784895
0 0.11385989990284028 0.5874251950049887 0.1539474354692112 0.16289239349341492
16 0.11574304896056813 0.5904853122237995 0.1661879043444398 0.15583058452693926
6 0.30452874199773594 0.5864836204761281 0.1633631807578483 0.15441822273364378
17 0.3059411037910314 0.5843650777861853 0.15488900999807542 0.1633631807578481
18 0.4999054567369488 0.5890729504305018 0.15206428641148356 0.16336318075784656
31 0.5013178185302447 0.5878959822694229 0.16524632981557502 0.15253507367591584
24 0.6558545097003226 0.40099343828998324 0.16665869160887092 0.15535979726250704
26 0.6537359670103774 0.40593670456651665 0.15488900999807317 0.16524632981557627
27 0.8552329161872063 0.40570131093430073 0.16712947887330087 0.15912609537796144
9 0.8549975225549922 0.408761428153109 0.16006766990682564 0.16712947887330348
13 0.6862202882561752 0.5989594829835698 0.1548890099980736 0.1624216062289831
19 0.6918697354293565 0.5949577912358969 0.164304755286713 0.15441822273364175
30 0.8860694820074937 0.6100229836977208 0.16289239349341705 0.16383396802228042
2 0.8896003864907321 0.603902749260106 0.16524632981557438 0.16289239349341667
