30 0.3091344818175152 0.8262559600614289 0.17602265029842099 0.18684604950770872
9 0.31312204994725307 0.8271104389463728 0.18399778655789628 0.17602265029842093
11 0.5238935082333882 0.8561627210344618 0.1726047347586458 0.1896943124575216
28 0.5244631608233506 0.8558778947394805 0.18627639691774647 0.17773160806830846
31 0.7360890979944292 0.8649923361788804 0.17887091324823343 0.19254257540733427
25 0.7321015298646913 0.8695495568985798 0.18912465986755805 0.1754529977084576
4 0.29005112005377065 0.6100728021706497 0.17545299770845854 0.186276396917746
27 0.29090559893871437 0.6106424547606123 0.1828584813779712 0.17602265029842085
21 0.5147790667939874 0.6237444643297504 0.18399778655789611 0.17260473475864527
10 0.51079149866425 0.6260230746896005 0.17260473475864582 0.18513709173782084
16 0.7096002525611721 0.6593477512024083 0.17602265029842085 0.1868460495077084
18 0.7104547314461159 0.6596325774973897 0.18570674432778397 0.1771619554783461
24 0.7161512573457395 0.41385260660777573 0.18001021842815634 0.18285848137797106
26 0.7135878206909095 0.41100434365796334 0.18513709173782078 0.17602265029842123
15 0.5105066723692678 0.388503066354443 0.18001021842815748 0.17545299770845763
0 0.5013922309298684 0.38366101933976227 0.17887091324823368 0.18171917619804623
3 0.28378494156418277 0.38309136674979977 0.18342813396793387 0.1760226502984209
7 0.28406976785916405 0.3799582775050058 0.17260473475864582 0.1834281339679339
2 0.2903359463487516 0.16605372997407641 0.17260473475864518 0.18285848137797076
1 0.29660212483833964 0.1720350821686833 0.18057987101812117 0.17317438734860835
22 0.5048101464696434 0.17175025587370205 0.1822888287880088 0.1783012606582711
13 0.4993984468649994 0.1691868192188706 0.1783012606582709 0.18228882878800876
17 0.7101699051511338 0.17573782400343949 0.17716195547834443 0.18057987101812106
23 0.7070368159063407 0.17773160806830848 0.184567439147859 0.17431369252853324
