10 0.7910608550691584 0.3499225452343703 0.2123125555354589 0.30352832013588077
29 0.7462393155672287 0.3625040300068416 0.20759449874578192 0.29723757774964477
6 0.699845090468739 0.35542694482232634 0.1950130139733114 0.29251952095996736
11 0.6562030651642269 0.3562132876206061 0.21152621273718153 0.3003829489427635
19 0.6035180976795028 0.34323863144899375 0.20366278475438584 0.3043146629341597
1 0.5681326717569255 0.34245228865071536 0.19894472796470825 0.29016049256512966
5 0.521738446658436 0.34874303103695065 0.19422667117503128 0.290160492565129
12 0.46826713637543144 0.34284546004985467 0.195799356771591 0.2956648921530859
20 0.41361631189500725 0.3507088880326497 0.1934403283767528 0.2925195209599684
24 0.365649401199959 0.34952937383522964 0.19973107076298813 0.29959660614448164
25 0.3204346902988885 0.3424522886507148 0.2020900991578266 0.2964512349513645
21 0.2705019226081415 0.3550337734231855 0.2028764419561058 0.29330586375824613
4 0.23000526849674877 0.347956688238671 0.20838084154406314 0.3011692917410409
0 0.17299541562148588 0.36368354420426025 0.20916718434234202 0.301169291741041
17 0.7576412861422805 0.7022041188635767 0.19265398557847058 0.2940922065565255
8 0.7175378034300283 0.6900158054902462 0.18793592878879434 0.2885878069685695
2 0.6735026067263766 0.6794001777134727 0.18950861438535482 0.29094683536340776
3 0.6105951828640178 0.6668186929410003 0.14075536089202606 0.30038294894276124
27 0.5956546696967051 0.6691777213358391 0.21152621273717995 0.30038294894276146
22 0.5531921585896167 0.6699640641341186 0.2099535271406216 0.30038294894276224
9 0.510729647482524 0.6754684637220734 0.2036627847543859 0.2956648921530853
30 0.4474290522210255 0.6715367497306748 0.1572685596558965 0.3035283201358798
23 0.429343167860597 0.6683913785375597 0.20602181314922435 0.29881026334620114
16 0.3880601709509246 0.6742889495246565 0.19894472796470808 0.2885878069685687
15 0.34834985963781073 0.6738957781255163 0.2123125555354594 0.29409220655652557
18 0.3074600341272774 0.6786138349151933 0.2154579267285785 0.3051010057324382
31 0.258706780633949 0.6727162639280975 0.23590283948384397 0.31375077651351285
28 0.20838084154406297 0.6648528359453028 0.22017598351825524 0.30431466293416104
