12 0.22095902310838667 0.30697722158294377 0.16006766990682578 0.22340995639401837
21 0.2892231764510034 0.3900069754918327 0.15279186672924244 0.2208420258607544
2 0.4375211647470336 0.4244600434797997 0.15150790146261062 0.21185426899432808
10 0.5032173875563852 0.3482781043262837 0.156215774106928 0.22298196797180808
15 0.577901367232164 0.4415795803682302 0.15407583199587516 0.21870208374970043
26 0.7450308461054671 0.4118343850245815 0.14936795935155583 0.21741811848306714
0 0.6857544496292767 0.5196874674216946 0.14722801724050386 0.21741811848306802
25 0.7503807013831011 0.6283965266632273 0.14466008670723732 0.21142628057211707
6 0.5438762876664075 0.5890215918198376 0.14423209828502537 0.2131382342609581
7 0.26033395795177705 0.5449387843321297 0.16177962359566853 0.2191300721719111
4 0.31083659177264683 0.6545038204180855 0.15835571621798245 0.21913007217191136
29 0.4024261141257493 0.5607743559539273 0.15578778568471713 0.2191300721719114
22 0.46298647586857394 0.6641335599178275 0.14765600566271325 0.21271024583874967
8 0.3932243630482196 0.733039695893761 0.1510799130403999 0.21356622268317152
3 0.5950209041205945 0.6992286105391102 0.14466008670723812 0.21185426899432866
30 0.6988080965067053 0.7358216206381285 0.1493679593515569 0.21228225741653872
