21 0.8937226931573913 0.5708126298566899 0.12372756205729418 0.18870398615656417
35 0.8413913815325295 0.5540821733520876 0.12178216013815396 0.18792582538890865
24 0.7906163914429792 0.5418261412615064 0.12061491898666976 0.18831490577273644
26 0.7390632405857736 0.5258738455245602 0.12100399937049788 0.18675858423742475
40 0.6896500318396215 0.5120614918986668 0.12256032090580973 0.18714766462125232
42 0.6380968809824157 0.4955255755859781 0.1237275620572934 0.1875367450050806
48 0.5902399937715761 0.48035144061668766 0.1276183658955737 0.19609651344929585
25 0.5377141419548004 0.4710135114048164 0.12139307975432584 0.18831490577273624
34 0.47993570495634663 0.45311581374872956 0.12411664244112158 0.19064938807570403
27 0.4277989335233996 0.43424541513307324 0.12722928551174595 0.19181662922718826
41 0.36982595633303206 0.4180985792042122 0.13034192858236923 0.19609651344929502
20 0.31613286336477286 0.40681524807320174 0.12256032090581001 0.1836459411668007
39 0.26594149385096505 0.39494829636644857 0.12878560704705735 0.1894821469242202
46 0.21691736548864093 0.38366496523543686 0.12411664244112157 0.18948214692421964
31 0.15835571621798286 0.3743270360235663 0.13228733050150893 0.1894821469242202
49 0.09571377442168019 0.3642109460440392 0.13073100896619744 0.1918166292271884
