14 0.714063596447483 0.38742645822794275 0.17645567234419748 0.2631734966502705
15 0.6137556653471754 0.326594551625175 0.18033855999969328 0.2674878162674877
20 0.5074076867827628 0.28970711889796497 0.17904426411452767 0.26533065645887877
5 0.6674252447835546 0.4814133544872197 0.1932815188513465 0.2788344768607701
2 0.5606458342574246 0.4529604166116696 0.17472994449731064 0.2813799254349271
30 0.6206148769367448 0.6324792558840874 0.17041562488009343 0.26921354411437187
7 0.709274145070566 0.679936771673482 0.1881043353106839 0.27093927196126194
22 0.7437887020083044 0.6061619062190648 0.20363588593266735 0.2778421833488097
6 0.5481343073674888 0.7159613404772517 0.18076999196141533 0.2730964317698707
10 0.4864746080000238 0.3925087267370236 0.1831860109470563 0.2648129381048118
1 0.4029493802106916 0.2949835317898216 0.17179620715760216 0.26244006231534256
23 0.49264408505264284 0.5158982677894456 0.1860334618944207 0.2866433953679325
24 0.29115185936792615 0.698574632419865 0.18081313515758735 0.271456990315328
4 0.20691476884175336 0.6579984564199338 0.18508431157863275 0.27572816673637357
0 0.4003041456835298 0.6281002214726162 0.18555888673652685 0.27288071578900935
18 0.24891467031536593 0.6024731629463441 0.18460973642073888 0.2709824151574341
9 0.3163043427363042 0.5521681962095875 0.18650803705231442 0.2766773170521609
27 0.2704943839198967 0.5051266986122002 0.18749069210332187 0.2831890661977257
17 0.20287078793992208 0.45190668444745463 0.18114335096440703 0.267564841855782
21 0.24632566189095279 0.3874567590369379 0.1733312387934354 0.2597527296848096
