23 0.7265203468448503 0.6781929795874487 0.17230813878205278 0.24433859024012394
28 0.569042006892398 0.7295087914105196 0.157713733584665 0.2339812704226241
1 0.5899920401596168 0.6179322097401736 0.1563013717913711 0.23303969589375928
25 0.4412232645991562 0.6329974022019885 0.15065192461818838 0.22927339777830422
10 0.31670003315693485 0.7217408015473953 0.15394743546921183 0.23539363221591983
31 0.3310590447221056 0.6028670172783543 0.17607443689750785 0.2368059940092152
16 0.7526490400208155 0.5440186092243752 0.15488900999807365 0.23398127042262318
14 0.7055703135776312 0.2961491145010106 0.16712947887330254 0.23915993033137273
13 0.7422917202033108 0.41337514334453407 0.1577137335846635 0.2429262284468267
21 0.6055280198858682 0.484464020273747 0.1534766482047799 0.24198465391796511
7 0.5906982210562619 0.3535851607616948 0.150181137353754 0.2316273341004633
3 0.4461665308756897 0.5181253096806242 0.15959688264239275 0.22739024872057934
15 0.4408922731404145 0.4208838144020617 0.16148003170011957 0.24104307938910252
22 0.42888719789740215 0.3170752225948428 0.16665869160887004 0.24904646288444257
17 0.3222538825035935 0.4637254554653582 0.16242160622898402 0.247634101091145
4 0.3158982544337638 0.34273312850637777 0.18172388407069007 0.24669252656228247
