48 0.8710513682721204 0.6299843637096315 0.19161041662376024 0.28068336705426394
20 0.6967894623426735 0.651475802330945 0.1879853546876343 0.2801655010633889
26 0.56292110370148 0.669860045007009 0.18539602473325945 0.2775761711090141
51 0.4148106586908953 0.6571723282305701 0.184360292751509 0.2780940370998886
27 0.2672188512915134 0.64267208048607 0.1874674886967595 0.27809403709988995
32 0.12066277587388104 0.6579491272168828 0.18850322067850944 0.2817190990360137
23 0.8767478941717441 0.37830149214436903 0.20196773644125954 0.29000495489001404
29 0.7224238288909873 0.40082866274743334 0.17918163284276037 0.2853441609721393
31 0.5753498874824801 0.42102543639155926 0.1874674886967597 0.2822369650268892
37 0.4246501125175206 0.4039358586926828 0.1833245607697588 0.2874156249356388
24 0.28094230004970105 0.4194718384189335 0.18902108666938414 0.2905228208808891
33 0.13697555458644411 0.4282755602638089 0.19109255063288422 0.28016550106338856
