18 0.15587766325338281 0.43656141611781 0.19989627247775998 0.2874156249356392
5 0.128689698732444 0.5771620326403799 0.19834267450513507 0.28482629498126466
11 0.3122731924976414 0.5805281615810682 0.1853960247332602 0.28637989295388855
13 0.2439148817021374 0.4508027308668758 0.1926461486055086 0.2900049548900167
0 0.3891762921425829 0.43656141611781246 0.1941997465781336 0.2874156249356412
21 0.47488311363240243 0.5727601717179466 0.18746748869675886 0.2853441609721406
9 0.5336609035967137 0.402900126710933 0.19419974657813457 0.2853441609721394
26 0.6506986175344731 0.4272398282820613 0.1890210866693799 0.2884513569173928
6 0.6103050702462185 0.610823322047257 0.19316401459638416 0.28482629498126577
22 0.7405483669512887 0.5712065737453186 0.19471761256900966 0.28430842899038905
16 0.7900053407001785 0.35551538854587006 0.1952354785598828 0.2900049548900156
19 0.8627655124181233 0.4955981390775652 0.19575334455075924 0.28637989295388794
