31 0.10013010991061173 0.5640037231397036 0.14084709894572442 0.19726375460078016
16 0.15576860479801105 0.5696453887052082 0.13773445587510047 0.19298387037867232
23 0.2005128489382272 0.5519422312410353 0.1276183658955735 0.1855913430859401
12 0.25692950459328245 0.5268465464841322 0.13384365203682086 0.19376203114632853
3 0.3131516200564232 0.5383244178070561 0.13890169702658428 0.19181662922718765
10 0.3722918383982752 0.5472732666350995 0.13345457165299293 0.1925947899948442
17 0.4226777481039967 0.517314077080348 0.13306549126916487 0.19026030769187335
13 0.47578722049651456 0.5303482699385803 0.1311200893500249 0.18675858423742472
2 0.5302584742324302 0.5486350479784954 0.1311200893500249 0.18442410193445646
9 0.5750027183726464 0.5068089067169883 0.12722928551174567 0.1879258253889081
25 0.6880305698746705 0.5175086172722579 0.13073100896619677 0.18442410193445657
24 0.6298630524923896 0.4714025917886439 0.12178216013815417 0.1817005392476606
8 0.7368601580450806 0.47626609658649355 0.12022583860284194 0.1820896196314889
27 0.7933983161873494 0.5247066043730765 0.12217124052198208 0.18247870001531677
30 0.8484531904990065 0.4846313248387953 0.12333848167346531 0.18247870001531669
18 0.9118732930629663 0.5180922378480003 0.12567296397643324 0.18325686078297201
