3 0.5713723460294349 0.3746796410856267 0.20665590966472083 0.3007080773200634
21 0.6941147391392751 0.40184972613468356 0.20881306947332848 0.30845359555222684
6 0.7972269779907734 0.4104884939085311 0.19328151885134676 0.2929423020090705
15 0.8151314044022235 0.4780075959179858 0.18939863119584896 0.29078514220046253
4 0.6336287600763169 0.4404730152481934 0.21036778847638707 0.30804242066933213
7 0.4927837139623809 0.40909207637950323 0.20285781861307686 0.31110210917736614
7 0.4386615686802363 0.4708314124791347 0.20686686641175384 0.30148039446054004
14 0.40899461497002365 0.42392555323460984 0.21007410465069523 0.2942641084229221
13 0.3296154685562115 0.4419662683286576 0.206866866411754 0.30789487093842305
12 0.253042655601473 0.40829026681976743 0.2301193436440826 0.32232744301366284
26 0.37130956566245593 0.4892730323530502 0.20686686641175311 0.3175165856552493
25 0.48316199924555603 0.52134541474247 0.20125419949360476 0.2886514415047721
17 0.5473067640243935 0.5441969871949303 0.20446143773254635 0.30388582313974666
30 0.6062397666649526 0.5269580816606182 0.20686686641175261 0.2998767753410683
1 0.7517682017569427 0.5129264143652477 0.19163248477677824 0.29747134666186315
24 0.6952406277955903 0.5842874651817056 0.21648858112857872 0.3151111569760436
20 0.7132813428896361 0.6712838024130042 0.2092722950909598 0.29346229886318526
10 0.8304172781159462 0.5738639409051431 0.19644334213519246 0.2942641084229215
18 0.5950861723335835 0.6480313251806757 0.19724515169492793 0.30148039446054137
19 0.5157070259197716 0.6287878957470238 0.19724515169492782 0.2886514415047722
23 0.405057306676275 0.5987200372569449 0.19884877081439914 0.303885823139748
31 0.35454330441293924 0.6195670858100657 0.2100741046506948 0.3086966804981594
8 0.30843925472814954 0.5830847508421022 0.20446143773254655 0.29827315622159845
11 0.25712344290507866 0.6327969435457005 0.21247953332990138 0.30468763269948124
