17 0.15131932149351227 0.634935872986777 0.18965354960520187 0.2780240333574119
21 0.19631159975091692 0.6353393911774247 0.18602188588935792 0.2756029242135134
6 0.24519598164533382 0.639644498103682 0.17728455815755922 0.27236055104044293
16 0.3005974060695727 0.6342830699336021 0.1865777003190482 0.2802239790232425
9 0.34813540251101793 0.6407167837377077 0.1872925574083945 0.2716456939511083
31 0.3946011133184366 0.637142498290975 0.1944411283018401 0.28022397902323504
0 0.4592956799041603 0.6421464979163926 0.17799941524690413 0.27593483648717165
18 0.49789796272879216 0.6442910691844272 0.18800741449773453 0.28022397902324214
22 0.5429339593575248 0.6575159253373078 0.18514798614035577 0.28093883611258297
23 0.5904719557989684 0.6553713540692749 0.19015198576577153 0.28236855029127217
26 0.6476605229465697 0.6378573553803255 0.19015198576576842 0.2816536932019333
4 0.689752023224287 0.6514396400778764 0.2030194133739774 0.28737254991669076
20 0.7598080179800952 0.6485802117204966 0.1987302708379094 0.2859428357380003
3 0.8348680123613289 0.6378573553803244 0.18586284322970506 0.2730754081297945
27 0.8144945853149921 0.3577859732171716 0.18514798614035471 0.2723605510404456
15 0.774462588311672 0.3477779739663398 0.18228855778297548 0.26950112268306214
25 0.7154868784407092 0.35027997377904824 0.18300341487231997 0.27879426484454806
2 0.6586557398377793 0.34885025960035726 0.18943712867642096 0.28308340738061955
7 0.5983825643496641 0.3467500094718672 0.17955351455914192 0.26951541982485183
8 0.5382873882767835 0.34706311687699537 0.18300341487232327 0.2752199793978232
24 0.5071911048902757 0.34384625997494456 0.1794291294255962 0.27307540812978986
28 0.45286196610005364 0.33348083217944 0.19372627121249247 0.27807940775520296
11 0.4081833980159962 0.3395571174388745 0.19015198576577336 0.2759348364871693
13 0.36064540157455466 0.3445611170642906 0.1751399868895273 0.26878626559372076
1 0.30953311968638586 0.35385425922577396 0.1844331290510102 0.2702159797724089
19 0.24626826727935316 0.35993054448520667 0.1822885577829766 0.2752199793978237
5 0.20873827008873902 0.3649345441106213 0.1787142723362502 0.27379026521913474
12 0.14583084622638026 0.3545691163151183 0.18586284322970056 0.2745051223084776
