7 0.16744276436998068 0.5885769280762109 0.2054043049740711 0.29309840652460534
21 0.30369232483272407 0.5629749588315915 0.20716995802542437 0.29015565143901706
31 0.43405637512429046 0.6029964279955942 0.19010197852901134 0.2901556514390174
19 0.5753086192325345 0.5673890914599745 0.19363328463171747 0.2860357943191935
3 0.7036645628812468 0.5420813977239143 0.19363328463171747 0.2942755085588412
18 0.818137735710636 0.5706261220541213 0.19539893768307048 0.3042808758498418
22 0.8249060724074886 0.3316744091043429 0.20658140700830713 0.3066350799183129
8 0.6960133996587164 0.3510965926692257 0.19716459073442183 0.3078121819525472
5 0.5665321758928265 0.32784882749307764 0.20540430497407058 0.30604652890119444
27 0.43376209961573187 0.3631618885201388 0.21658677429930706 0.30133812076425337
12 0.2972182636444293 0.3858211026791692 0.21070126412812978 0.2983953656786648
6 0.15478891750195045 0.33726564376696083 0.213055468196601 0.28838999838766444
