35 0.8231404193561364 0.32166904181334216 0.19481038666595282 0.285447243302076
20 0.6783568691451864 0.34315115393813755 0.18892487649477588 0.28250448821648755
23 0.5368103495283839 0.3669874701314037 0.190690529546129 0.28191593719936986
49 0.39967796253996385 0.3493309396178732 0.18833632547765838 0.2772075290624283
36 0.268673539314222 0.36875312318275677 0.18892487649477602 0.2701449168570162
47 0.12742129520597825 0.3540393477548147 0.18892487649477605 0.26661361075431017
38 0.14066369309112609 0.5706261220541221 0.19775314175154127 0.2819159371993698
21 0.2819159371993695 0.5782772852766516 0.1918676315803641 0.2866243453363112
44 0.4066887528283187 0.5603264792545625 0.18480501937495228 0.2836815902507231
29 0.5523551295649449 0.5715089485797984 0.18774777446054075 0.28721289635342884
33 0.680070700279482 0.5882826525676523 0.19245618259748198 0.29015565143901745
34 0.8269141790503436 0.5615035812887977 0.19893024378577656 0.2895671004218995
