11 0.11440130525693702 0.5128054135925443 0.17795758595523534 0.25469591005762415
27 0.18596096945057675 0.4548985800674288 0.17795758595523542 0.25657905911535245
26 0.24151386665353336 0.58224653509624 0.1657171170800067 0.24951725014887405
0 0.3071886900417756 0.528105999686579 0.18031152227739497 0.25234197373546646
7 0.3707449707400723 0.4374794512834502 0.1840778203928488 0.26128693175967066
19 0.450072624796837 0.5168071053402115 0.18172388407068715 0.2551666973220562
6 0.5089210328508169 0.4137046944296421 0.17795758595523486 0.2626992935529672
21 0.5817055155523057 0.46760983620708857 0.17560364963307606 0.2612869317596715
8 0.6600915950802088 0.5325784786986821 0.1751328623686436 0.2575206336442163
13 0.7260018121006644 0.49373852938305496 0.18266545859955102 0.26081614449523854
12 0.7921474227533392 0.43559630222572315 0.1784283732196667 0.2631700808173982
22 0.8665318105335682 0.4685514107359512 0.17466207510420395 0.2594037827019429
