31 0.5883442847340992 0.5169483415195414 0.14547326470943636 0.21656214163864348
29 0.4765323094315409 0.6186383906368189 0.14782720103159813 0.21467899258091816
20 0.3451826626550581 0.5602607698472721 0.143119328387279 0.21279584352319036
28 0.4042664643412533 0.4999999999999968 0.15206428641148315 0.2184452906963733
26 0.23572462367465757 0.47834378583613324 0.1558305845269387 0.22032843975410085
5 0.17099137481527932 0.5757967495735223 0.15535979726250632 0.21938686522523562
14 0.1961784934623822 0.7283318232494373 0.14453169018057357 0.21091269446546054
1 0.27715390294465975 0.6355867321563688 0.14547326470943853 0.21373741805205473
4 0.4442833818179618 0.26484176141629384 0.14641483923830187 0.2198576524896687
27 0.36424954686454974 0.33216434023004765 0.14547326470943805 0.22268237607626012
10 0.29857472347630754 0.40443018532033187 0.15441822273364408 0.22315316334069024
16 0.529966663944552 0.31239127512390863 0.14453169018057482 0.21420820531648727
17 0.6027032962992647 0.36935653412015723 0.14594405197387086 0.22268237607625876
18 0.6785000458728027 0.42067234594323255 0.14688562650273534 0.2160913543742134
9 0.8387553619320859 0.7259778869272775 0.14547326470943675 0.21279584352318837
25 0.7497765689544681 0.6819592777029014 0.14264854112284636 0.2113834817298937
21 0.6640932868278697 0.6016900491172723 0.14641483923830043 0.21750371616750624
0 0.8208654458836739 0.5468433328109618 0.15018113735375233 0.21420820531648344
24 0.7450686963101478 0.4837578393770982 0.14641483923830262 0.22079922701853252
23 0.49149949388856057 0.4619682148407236 0.14687674935947512 0.2205389823198994
