50 0.09608340078631655 0.4995720115777884 0.12711256139659688 0.1917388131504221
25 0.15086591882929418 0.5564944717318207 0.1296804919298613 0.19430674368368636
23 0.19473473210589745 0.5064198263331605 0.13438836457417963 0.1925947899948435
27 0.25229917489324544 0.5216134153216427 0.130536468774283 0.19302277841705426
32 0.3087936466250658 0.5680501591315108 0.13481635299639008 0.19430674368368714
46 0.35886829202372583 0.5241813458549079 0.13396037615196923 0.19387875526147616
29 0.4217825900887084 0.5768239217868313 0.13053646877428327 0.19302277841705456
38 0.4656514033653116 0.5496466569764484 0.13866824879628772 0.19345076683926585
44 0.5219318808860272 0.509629739499742 0.13567232984081246 0.19387875526147616
28 0.5829202310510613 0.5258932995437509 0.13353238772975892 0.1955907089503193
42 0.6334228648719317 0.5575644427873471 0.13524434141860212 0.19302277841705465
43 0.6819995507928529 0.5380909695767575 0.14166416775176371 0.1951627205281082
45 0.7320792476960615 0.5104857163441634 0.132676410885337 0.19302277841705448
20 0.7827958757280364 0.5246093342771186 0.13995221406291947 0.19045484788379008
24 0.8439982201041764 0.5027819247443697 0.12882451508543988 0.1921668015726331
30 0.9075545008024745 0.5066338205442663 0.13781227195186618 0.1913108247282115
