33 0.7832502122088819 0.7043216727634154 0.1388822430073926 0.20432167276341745
21 0.7302866449602938 0.5204792460027804 0.15253507367591795 0.21420820531648516
20 0.6759107159184192 0.6461794456060761 0.1445316901805743 0.21232505625875672
50 0.6067049880469392 0.5976883573696035 0.15394743546920925 0.2076171836144397
29 0.5643341342480739 0.7269194614561403 0.15488900999807245 0.21091269446546035
23 0.5000716726531327 0.6497103500893192 0.14971035008932373 0.20808797087887232
26 0.4033248898123866 0.5435478219599389 0.14076539206512098 0.20573403455671205
45 0.42074401859636973 0.7309211532038107 0.13982381753625595 0.2066756090855759
25 0.5254941849324556 0.47151737050187037 0.13652830668523283 0.21044190720103115
39 0.6022325090348417 0.340638510989816 0.14311932838727792 0.21138348172989338
34 0.6726152050674038 0.43126505939294657 0.1501811373537554 0.2137374180520539
30 0.4254518912406893 0.40560715348141246 0.14923956282489156 0.20855875814330532
41 0.510899779735067 0.2867333692123739 0.14123617932955163 0.2099711199365999
42 0.3680158449800011 0.2907350609600429 0.14264854112284558 0.2085587581433032
24 0.27550614751914565 0.3538205543939077 0.1525350736759143 0.21420820531648366
43 0.32107691434250973 0.4729297322951651 0.1515934991470503 0.20950033267216692
35 0.20738178998222245 0.45574599714340136 0.14359011565170945 0.2090295454077352
28 0.14617944560608473 0.539075342947838 0.15300586094034657 0.2090295454077356
48 0.24410319660790808 0.6035731981749987 0.1482979882960298 0.21373741805205598
47 0.3182521907559205 0.6758390432652799 0.14500247744500624 0.20385088549898822
