48 0.13283262665944393 0.3562921875321805 0.19109255063288422 0.1921282826146343
35 0.13231476066856931 0.3687209713131812 0.1869496227058846 0.19523547855988432
32 0.3850333642155813 0.3619887134318061 0.18798535468763455 0.19730694252338496
49 0.392024555092394 0.3581047185002431 0.1936818805872594 0.19057468464200922
25 0.1509579363400702 0.5916622803848799 0.18902108666938466 0.18746748869676008
31 0.15121686933550813 0.5914033473894447 0.18746748869676055 0.18902108666938544
30 0.3726045804345817 0.6015017342115064 0.19005681865113513 0.19057468464201116
23 0.3736403124163325 0.6009838682206322 0.1890210866693865 0.18746748869676175
27 0.640859935328172 0.3381668778515556 0.19730694252338657 0.19109255063288574
41 0.6323151464787335 0.3428276717694307 0.19264614860551135 0.19834267450513515
21 0.8832212190576837 0.3555153885458684 0.19730694252338496 0.20093200445951023
40 0.8819265540804954 0.364060177395306 0.20714639635001025 0.19523547855988435
44 0.8575868525093695 0.6017606672069435 0.1998962724777602 0.1952354785598851
47 0.8544796565641184 0.6033142651795683 0.19886054049601 0.1973069425233848
47 0.7550493863161133 0.6563955292442575 0.00207146396349998 0.003107195945250254
28 0.6139309038026692 0.6077161261020054 0.1921282826146346 0.19161041662375983
24 0.6108237078574192 0.6046089301567555 0.19419974657813482 0.19161041662375947
