13 0.11396487876915107 0.6013912888580003 0.2043877168535949 0.2835745809748826
18 0.260032540290175 0.6300162701450851 0.19582697478642752 0.28410962735408063
23 0.3921889959520544 0.6037989975643901 0.1979671603032199 0.28196944183728767
24 0.5430720748858613 0.6198503889403281 0.18833632547765838 0.2841096273540812
29 0.681379881187654 0.6075443222187762 0.18887137185685607 0.28089934907889347
3 0.8261099267606811 0.5901553148948422 0.1990372530616127 0.2825044882164862
10 0.8552699544269659 0.3673084979589196 0.20385267047439273 0.2894600911460575
2 0.699036411701185 0.3844299820932551 0.17710035151450249 0.29053018390445595
16 0.5564465516449466 0.40235403579638446 0.19582697478642885 0.2867848592500707
26 0.4167994466742965 0.38657016761004664 0.19261669651124144 0.2873199056292686
25 0.2723386070117275 0.3691811602861151 0.19903725306161618 0.2867848592500706
22 0.11985038894032751 0.3919206314020245 0.19475688202803224 0.28838999838766205
