14 0.8127445308027608 0.3151662408197057 0.20636317013573222 0.30113736679066333
30 0.7569500440623582 0.3350382497957394 0.20024870583541537 0.2996087507155838
4 0.715295256016441 0.3610247230720918 0.20101301387295503 0.298080134640504
20 0.662175847407428 0.33465609577696925 0.19872008976033573 0.30037305875312326
10 0.6189343482397706 0.35489616343348773 0.19876386912110433 0.30114570145709324
3 0.569312185954346 0.32897044137421416 0.1997310707629879 0.30352832013588055
29 0.5240974750532759 0.34469729733980264 0.20680815594750449 0.30352832013587855
27 0.4686603077745708 0.3368338693570081 0.21231255553545933 0.3051010057324385
17 0.42108656847866244 0.3435177831423843 0.20680815594750357 0.3027419773375998
15 0.37429917198103335 0.3368338693570084 0.20602181314922327 0.30352832013587916
25 0.3216142044963089 0.3545265823182966 0.20444912755266556 0.31060540532039455
21 0.2736472938012601 0.3557060965157163 0.21073986993890131 0.30038294894276263
8 0.23354381108900646 0.3643558672967906 0.21860329792169594 0.308246376925556
6 0.8622877857373139 0.6769271296128819 0.21094431906645475 0.3100313750776515
16 0.8004969686485127 0.6859700717930967 0.21073986993890265 0.3082463769255568
24 0.7454529727689484 0.6796793294068613 0.2138852411320194 0.30510100573243776
28 0.6884431198936872 0.6859700717930977 0.2020900991578266 0.3051010057324389
9 0.643621580391757 0.6867564145913759 0.19894472796470938 0.30195563453932134
31 0.5913297843061716 0.6698500444283678 0.19973107076298774 0.3011692917410432
11 0.5162340470704799 0.6682773588318109 0.20838084154406147 0.30588734853071997
13 0.4721988503668285 0.6655251590378305 0.2193896407199757 0.3113917481186762
1 0.43288171045285506 0.6706363872266473 0.21152621273718047 0.3058873485307186
0 0.3750855147793134 0.6749612726171841 0.22803941150104973 0.3145371193117937
22 0.32436640429028624 0.6887222715870768 0.20995352714062182 0.30431466293416115
26 0.2767926649943776 0.6832178719991188 0.19501301397331122 0.2980239205479247
19 0.2323642968915869 0.6938334997758916 0.19737204236814912 0.2956648921530857
5 0.19383349977589182 0.6832178719991197 0.1957993567715901 0.2964512349513631
12 0.1352509613040713 0.6977652137672884 0.1997310707629888 0.2956648921530849
