15 0.1572857451624557 0.4057330242558045 0.22554989850507248 0.2148501879498037
17 0.15600177989582362 0.40016917476706465 0.21870208374970063 0.22169800270517598
27 0.3794117362898423 0.3976012442338 0.2238379448162294 0.22169800270517556
29 0.38540357420079324 0.39439133106721935 0.22212599112738676 0.2229819679718082
22 0.6081715479614956 0.387543516311847 0.22340995639401906 0.22554989850507245
3 0.6068875826948636 0.3898974526340064 0.22340995639401953 0.22255397954959746
0 0.8476310701884188 0.39460532527832465 0.2298297827271801 0.22255397954959702
1 0.8412112438552574 0.39267937737837627 0.22811782903833744 0.22640587534949433
13 0.8484920985373886 0.6263610559054535 0.22940179430496868 0.22897380588275879
8 0.8534139653928133 0.6325668880275097 0.22982978272718058 0.22683386377170506
25 0.6135264547436793 0.6278590153831911 0.22340995639401848 0.22426593323844035
21 0.6167363679102604 0.6308549343386666 0.22554989850507287 0.22340995639401914
24 0.37983972471205296 0.6261470616943476 0.2229819679718079 0.22255397954959844
10 0.38347762630084475 0.6287149922276122 0.22169800270517598 0.22340995639401778
4 0.1489399709293458 0.6424106217383567 0.22340995639401873 0.2216980027051763
20 0.15707175095135054 0.6342788417163522 0.2199860490163329 0.22340995639401812
