36 0.4433594549053585 0.7401350298943282 0.17331484766286298 0.2573621081258787
44 0.24211585920043638 0.7581451571364025 0.16444029221024703 0.25161974871536125
37 0.2700446072424936 0.6727928149891794 0.17122671696813005 0.24483332395747792
46 0.3400530716710851 0.6594335242944649 0.1632107111193398 0.24526044159958424
41 0.4804173032574494 0.6436884148514295 0.176887104305919 0.2549762893775565
49 0.6594615673719737 0.7127175287269111 0.16653273722459738 0.25152483368378287
50 0.7515722911995694 0.6540427819327523 0.16696416918631907 0.25583915330100016
26 0.5977667968457661 0.5806993484400542 0.18724147138724018 0.2636049286119922
39 0.6969783341614945 0.5455457155971586 0.18681003942551921 0.27050783999953987
31 0.6881339789461985 0.28280365090861 0.16394414545426667 0.2523876976072261
42 0.6288120842094576 0.4010160084203707 0.20234159004750332 0.2696449760760964
43 0.5082268509082278 0.3106310124396632 0.18983006315757137 0.2640363605737133
24 0.4958928798421425 0.48212521722405927 0.19536235834592613 0.26791924822920926
32 0.4310398116401472 0.3889359134921609 0.18904576299435816 0.26705638430576584
22 0.4087817837313631 0.5222483896641841 0.18508431157863328 0.26274206468854816
35 0.3445664366835857 0.4828475637575711 0.17598114032949883 0.25439446023397766
45 0.21768121816131392 0.4489480993676564 0.19457581473651117 0.2700332648416467
40 0.2451180690522142 0.28355865684162285 0.19884699115755622 0.2690841145258576
47 0.7954084922721182 0.41883901936090345 0.16912132899492754 0.2523876976072265
25 0.3111870699950056 0.5449692793530998 0.1825496056603183 0.26087538801976473
