26 0.19524353176696532 0.4167509577088835 0.17166906716638827 0.2572829464216052
26 0.508352023166838 0.2808278916748266 0.16946252388661173 0.25551771179778515
7 0.24025701467434574 0.37879841329677577 0.17255168447829677 0.2572829464216037
12 0.44701011998913537 0.35629167184308985 0.17387561044615552 0.25551771179778987
18 0.28968358414127343 0.4346239582750466 0.17873000566166344 0.25948948970137675
4 0.3585277344702111 0.580917777724043 0.17608215372593336 0.26346126760497435
24 0.3146175232027141 0.6038658278336814 0.17564084506997749 0.27228744072406375
0 0.2601159041923074 0.6621185704197038 0.17255168447829797 0.25728294642160515
14 0.2201774708284045 0.6956580282722622 0.17122775851043234 0.26081341566924143
3 0.4628972316035012 0.6949960652883292 0.17211037582234076 0.2586068723894669
28 0.532182690588395 0.6490999650690387 0.1694625238866135 0.25860687238946883
13 0.6758286581016588 0.7152962634622478 0.17255168447830016 0.25860687238947083
22 0.5015117389995547 0.5367869121285778 0.16284289404729393 0.2590481810454155
25 0.5868506813011248 0.47746812152428736 0.16571711708000814 0.24669252656228072
31 0.6259116680621281 0.33567131953989987 0.16807105340216694 0.25234197373546435
16 0.6673409473321261 0.4288871978973996 0.16430475528671354 0.2542251227931891
11 0.7257185681216762 0.35944607639370874 0.17277892604648307 0.25752063364421535
8 0.8144619674670782 0.42535629341416475 0.17513286236864406 0.25469591005762354
19 0.7556135594130936 0.544936258579848 0.18078230954182659 0.26222850628853467
29 0.8132849993059947 0.653688116663602 0.17183735151761756 0.25752063364420963
