36 0.23562117299481491 0.33708395691051607 0.19198722296618093 0.2843136627746357
22 0.26848441892188185 0.37217224479819644 0.1904103287917214 0.2932268999855082
21 0.26292196491367475 0.594631653205929 0.18496254508462015 0.2797367417395498
41 0.31183767931621914 0.6508082939651004 0.18037669685938149 0.27744381762693143
35 0.3699250901692405 0.5086469989827066 0.18801977723477922 0.2835582819272486
26 0.29120136230264615 0.5426587066532247 0.19566285761017682 0.2965515185654242
49 0.3183342976353082 0.40431895185852906 0.1918413174224793 0.29349428641526454
42 0.37221801428185997 0.36801432007539175 0.19566285761017707 0.2957872105278846
30 0.42228019074071377 0.32750599408578407 0.18878408527231802 0.2942585944528044
32 0.47043159710571814 0.3886506370889653 0.19489854957263733 0.2957872105278852
31 0.34852446511812785 0.5835491866616002 0.19413424153509726 0.2942585944528047
48 0.4505595881296853 0.6553941421903392 0.18266962097200148 0.27897243370201064
47 0.4230444987782548 0.5674987178732676 0.19031270134739914 0.28202966585216926
44 0.5537411731975517 0.3978223335394416 0.19184131742247737 0.2896727462275675
40 0.5166722333768738 0.32788814810455363 0.19719147368525586 0.2950229024903442
24 0.5969245773185474 0.3385884606301103 0.1926056254600182 0.29349428641526487
37 0.6366685952706138 0.4184586505530149 0.18954839330985915 0.29120136230264626
27 0.7360286401507815 0.4880106819691326 0.18954839330985845 0.2850868980023282
45 0.692463082011015 0.37451093839447935 0.191077009384938 0.293494286415265
50 0.6500439859275589 0.3179521436165374 0.19948439779787333 0.2965515185654244
46 0.6790876913540711 0.530811932071359 0.18725546919723926 0.28202966585216915
33 0.6271147448013654 0.5873707268493008 0.18878408527231888 0.28508689800232934
25 0.506736228888857 0.6114464300318037 0.18649116115969977 0.28126535781462947
29 0.5606199455354095 0.5587091754415602 0.18725546919724093 0.2873798221149469
