32 0.1546445559317141 0.37464418572201985 0.20619274124228545 0.2975736152019346
48 0.14615082085213127 0.6118829931172629 0.20795006574150943 0.2928874165373371
51 0.28292924437506783 0.3497487553163461 0.20267809224383743 0.30167403903345724
33 0.4211721049806909 0.37845172213700523 0.20384964190998658 0.3028455886996067
29 0.5526785550059553 0.35004164273288346 0.20677851607536005 0.3034313635326813
41 0.7030121596311407 0.38489524530082664 0.20970739024073448 0.3051886880319051
36 0.8447696692352119 0.3614642519778396 0.20033499291153942 0.2993309397011587
30 0.8725939738062594 0.582008476630455 0.20677851607536224 0.30225981386653206
35 0.7257750181795227 0.6185782237268563 0.21205048957303402 0.31046066152957713
34 0.576695323162017 0.5775739854116295 0.19974921807846407 0.309289111863428
50 0.43435203872487177 0.5960258926534813 0.20677851607536143 0.31104643636265217
39 0.2817576947089184 0.6007120913180786 0.18041864858699977 0.29815939003500924
