21 0.08807439824945294 0.23905908096280087 0.04485776805251642 0.06673960612691462
21 0.1050328227571116 0.450218818380744 0.04814004376367613 0.07111597374179425
21 0.23796498905908095 0.2275711159737418 0.04485776805251643 0.07877461706783372
21 0.25437636761487964 0.4425601750547046 0.03829321663019694 0.06455142231947476
25 0.30306345733041573 0.22264770240700218 0.03938730853391686 0.06236323851203501
25 0.4480306345733041 0.22045951859956234 0.04048140043763673 0.06892778993435446
25 0.44967177242888406 0.4349015317286653 0.03938730853391689 0.0689277899343545
25 0.3041575492341357 0.43435448577680524 0.041575492341356685 0.06564551422319483
29 0.5175054704595187 0.20897155361050332 0.03938730853391682 0.07002188183807437
29 0.6646608315098468 0.20951859956236324 0.040481400437636664 0.0689277899343545
29 0.5191466083150985 0.4234135667396062 0.04048140043763673 0.061269146608315096
29 0.6624726477024069 0.42450765864332607 0.03829321663019712 0.06345733041575492
49 0.7078774617067833 0.4184901531728666 0.043763676148796546 0.06455142231947483
49 0.7177242888402625 0.20240700218818383 0.03938730853391689 0.06783369803063458
49 0.8692560175054704 0.20842450765864334 0.04485776805251646 0.06892778993435446
49 0.8566739606126914 0.42396061269146607 0.03938730853391689 0.06892778993435442
33 0.7264770240700219 0.512582056892779 0.05032822757111603 0.06236323851203501
33 0.8741794310722101 0.5180525164113786 0.04595185995623638 0.07111597374179432
33 0.8670678336980306 0.7303063457330415 0.04048140043763681 0.07330415754923422
33 0.7210065645514223 0.7275711159737418 0.05032822757111589 0.07658643326039381
41 0.5213347921225383 0.5071115973741794 0.03829321663019698 0.0754923413566739
41 0.6624726477024069 0.5109409190371992 0.04704595185995615 0.07002188183807441
41 0.663566739606127 0.7215536105032823 0.03829321663019698 0.07111597374179439
41 0.5224288840262582 0.7166301969365426 0.04704595185995622 0.07002188183807434
45 0.3096280087527352 0.5278993435448578 0.037199124726477066 0.07330415754923415
45 0.4513129102844639 0.5278993435448578 0.04485776805251646 0.07330415754923415
45 0.4567833698030634 0.7390590809628008 0.038293216630196907 0.06892778993435457
45 0.31291028446389496 0.7428884026258206 0.04814004376367617 0.07002188183807448
37 0.10886214442013128 0.5289934354485777 0.036105032822757115 0.06892778993435457
37 0.24945295404814005 0.5295404814004376 0.0459518599562363 0.07002188183807441
37 0.11323851203501092 0.7417943107221007 0.04266958424507658 0.07439824945295413
37 0.2565645514223195 0.7428884026258206 0.04048140043763673 0.07002188183807448
