44 0.0525164113785558 0.31673960612691465 0.03938730853391685 0.06892778993435453
44 0.17286652078774614 0.3353391684901531 0.04376367614879651 0.060175054704595186
44 0.0350109409190372 0.49015317286652077 0.045951859956236324 0.07002188183807434
44 0.15919037199124728 0.5010940919037199 0.04266958424507658 0.061269146608315096
32 0.2100656455142232 0.3276805251641138 0.043763676148796476 0.06892778993435453
32 0.32275711159737414 0.3331509846827133 0.04814004376367613 0.060175054704595186
32 0.32275711159737414 0.50054704595186 0.03938730853391682 0.06236323851203494
32 0.20951859956236327 0.49781181619256015 0.0426695842450766 0.05908096280087534
43 0.37472647702407 0.324398249452954 0.04048140043763673 0.06673960612691467
43 0.3769146608315099 0.4945295404814004 0.04048140043763681 0.06345733041575492
43 0.4896061269146608 0.5016411378555798 0.03829321663019698 0.06673960612691474
43 0.4896061269146608 0.3358862144420131 0.03829321663019698 0.061269146608315096
39 0.5317286652078775 0.3276805251641137 0.03501094091903724 0.06455142231947483
39 0.6444201312910284 0.3331509846827133 0.04157549234135658 0.06236323851203501
39 0.6455142231947484 0.4989059080962801 0.03501094091903731 0.06783369803063458
39 0.5333698030634574 0.4989059080962801 0.038293216630196907 0.054704595185995686
45 0.687089715536105 0.32822757111597367 0.03282275711159755 0.06564551422319476
45 0.7970459518599563 0.3320568927789935 0.040481400437636664 0.06236323851203498
45 0.7948577680525165 0.49781181619256015 0.03610503282275715 0.05908096280087534
45 0.686542669584245 0.49398249452954046 0.04485776805251646 0.06236323851203494
49 0.8342450765864332 0.3265864332603939 0.03391684901531732 0.06455142231947492
49 0.9540481400437636 0.3249452954048139 0.03063457330415744 0.06564551422319476
49 0.9573304157549234 0.49124726477024067 0.04157549234135672 0.07439824945295406
49 0.8397155361050329 0.4972647702407002 0.03829321663019684 0.05579868708971546
29 0.037199124726477024 0.574398249452954 0.030634573304157548 0.054704595185995686
29 0.15317286652078774 0.5771334792122539 0.03719912472647701 0.060175054704595256
29 0.14824945295404812 0.7510940919037199 0.03610503282275708 0.06892778993435457
50 0.19584245076586435 0.5787746170678337 0.032822757111597343 0.05689277899343551
50 0.1925601750547046 0.7538293216630197 0.035010940919037205 0.054704595185995686
50 0.31017505470459517 0.7549234135667396 0.03610503282275715 0.05908096280087534
50 0.3096280087527352 0.5809628008752735 0.03938730853391686 0.05908096280087527
35 0.3583150984682713 0.5836980306345734 0.03610503282275708 0.06236323851203508
35 0.47155361050328226 0.5776805251641138 0.03501094091903717 0.061269146608315166
35 0.4710065645514223 0.7527352297592997 0.04266958424507657 0.0590809628008752
35 0.3599562363238512 0.7510940919037199 0.03938730853391682 0.05798687089715543
28 0.5142231947483589 0.5798687089715535 0.03501094091903717 0.06564551422319476
28 0.5202407002188184 0.7554704595185996 0.04048140043763681 0.06236323851203494
28 0.6312910284463895 0.5787746170678336 0.032822757111597343 0.054704595185995616
28 0.638402625820569 0.7521881838074398 0.03391684901531725 0.05579868708971546
31 0.6728665207877462 0.5815098468271335 0.03282275711159741 0.053610503282275845
31 0.788293216630197 0.574398249452954 0.03610503282275715 0.04814004376367613
31 0.7970459518599563 0.7445295404814004 0.031728665207877496 0.05798687089715543
31 0.6799781181619255 0.7549234135667396 0.040481400437636664 0.06126914660831503
47 0.8315098468271336 0.574398249452954 0.03282275711159727 0.061269146608315096
47 0.9469365426695842 0.5727571115973742 0.03829321663019698 0.06017505470459511
47 0.9573304157549234 0.7434354485776805 0.04595185995623638 0.06236323851203508
47 0.838074398249453 0.7450765864332604 0.03938730853391689 0.06345733041575499
