42 0.07574696665327765 0.15828738323061609 0.03600528459752212 0.05842366934692269
42 0.08084205409632324 0.3355964262486023 0.032608559635491724 0.06657580925579559
32 0.13688801596982464 0.14504015587869756 0.037363974582334265 0.05910301433932876
32 0.14232277590907327 0.3216698539042777 0.03600528459752214 0.06453777427857738
46 0.19395299533193516 0.15794771073441305 0.040081354551958555 0.05774432435451662
46 0.19225463285091998 0.33491708125619624 0.044836769498801096 0.05434759939248618
22 0.24626255974720312 0.16304279817745865 0.03192921464308562 0.05842366934692269
22 0.24320550728137577 0.3444279111498813 0.032608559635491724 0.05163021942286189
26 0.31521607647642 0.16745854062809812 0.0339672496203039 0.05502694438489227
26 0.3267649413473233 0.34205020367646016 0.03396724962030387 0.05230956441526804
44 0.38077286824360645 0.1620237806888495 0.03328790462789783 0.057744324354516575
44 0.3841695932056368 0.33729478872961755 0.040081354551958555 0.061820394308953155
33 0.44904703998041734 0.1531922957875705 0.043478079513989056 0.060461704324140886
33 0.46161492233992973 0.3257459238587142 0.04415742450639499 0.06317908429376516
34 0.5098484168007613 0.14809720834452492 0.040081354551958624 0.06793449924060775
34 0.5146038317476038 0.3216698539042777 0.03600528459752212 0.0591030143393288
38 0.5652150336818564 0.1331516185115912 0.03260855963549169 0.057064979362110524
38 0.5692911036362931 0.3074036090637501 0.03668462958992826 0.06317908429376519
24 0.6232990305325762 0.12465980610651524 0.034646594612710115 0.06046170432414091
24 0.6226196855401702 0.297553106673862 0.034646594612709906 0.05434759939248618
28 0.6946344259134682 0.14809720834452492 0.03192921464308554 0.054347599392486214
28 0.719770190632493 0.32065083641566866 0.03600528459752212 0.05570628937729836
37 0.7663053226123094 0.12975489354956082 0.02989117966586747 0.057064979362110524
37 0.886209713771982 0.13281194601538818 0.04687480447601942 0.060461704324140886
37 0.8936825086884488 0.29857212416247114 0.04144004453677084 0.06046170432414094
37 0.771400410055355 0.3019688491245015 0.04415742450639513 0.06046170432414091
39 0.8716037964352514 0.3780554882739823 0.046195459483613345 0.05774432435451665
39 0.9014949761011188 0.5533264963147502 0.046195459483613206 0.06589646426338945
39 0.7737781175287762 0.5662340511704657 0.048912839453237496 0.06589646426338945
39 0.7489820253059543 0.38892500815247943 0.03600528459752212 0.055026944384892286
49 0.6725557136602706 0.39164238812210384 0.03532593960511619 0.05502694438489222
49 0.6987104958679047 0.5740465185831356 0.04415742450639484 0.06385842928617116
51 0.6175287692753784 0.4045499429778192 0.036684629589928124 0.0591030143393288
51 0.6440232239792154 0.5896714534084754 0.04483676949880128 0.06114104931654694
41 0.5839011921512776 0.40930535792466183 0.037363974582334196 0.057744324354516575
41 0.6005451444652263 0.5842366934692268 0.04347807951398892 0.06249973930135901
40 0.5173253828954819 0.41711782533733166 0.04144004453677084 0.05570628937729836
40 0.5455182000803341 0.5947665408515209 0.04347807951398913 0.06182039430895301
50 0.4663745084650261 0.4004738730233828 0.03328790462789783 0.0645377742785773
50 0.4792820633207415 0.5845763659654297 0.04144004453677084 0.061820394308953086
43 0.41474428904216426 0.4099847029170678 0.034646594612709906 0.05774432435451665
43 0.41202690907253986 0.5821986584920086 0.040081354551958555 0.06114104931654687
31 0.34443208232813516 0.4045499429778192 0.03396724962030397 0.0591030143393288
31 0.33831797739648045 0.5808399685071964 0.0339672496203039 0.06114104931654694
47 0.28838194927637995 0.41406077287150433 0.034646594612709976 0.06182039430895301
47 0.27921079187889786 0.5923888333780998 0.03804331957474034 0.05978235933173494
48 0.21161596513449318 0.6029186807603939 0.037363974582334265 0.05638563436970451
48 0.21908876005096004 0.41983520530695595 0.033287904627897796 0.05570628937729836
36 0.15523033076478876 0.6137882006388911 0.03600528459752214 0.05638563436970429
36 0.1637221431698647 0.43613948512470185 0.03668462958992819 0.054347599392486144
35 0.10529847382294204 0.4218732402841742 0.04347807951398897 0.05978235933173487
35 0.10597781881534811 0.6015599907755818 0.04211938952917681 0.061820394308953155
20 0.12058373615207878 0.6776466299250623 0.037363974582334286 0.05910301433932872
20 0.12499947860271828 0.8620887953633124 0.03668462958992817 0.05842366934692265
25 0.21433334510411747 0.6783259749174685 0.0373639745823343 0.05230956441526814
25 0.20040677275979288 0.8607301053785003 0.03940200955955248 0.06114104931654694
27 0.28566456930675566 0.6915732022693871 0.030570524658273507 0.05570628937729836
27 0.2646048745421672 0.8732979877380128 0.034646594612709976 0.05910301433932872
45 0.35699579350939387 0.6925922197579962 0.03057052465827347 0.060461704324140865
45 0.3383138062182266 0.8739773327304187 0.04076069954436459 0.05910301433932872
23 0.4300253801930471 0.6834210623605143 0.033967249620303834 0.05842366934692265
23 0.42696832772721977 0.8682029002949672 0.034646594612709906 0.06249973930135923
21 0.5112071067855735 0.6956492722238236 0.037363974582334335 0.06114104931654694
21 0.5071310368311369 0.8821294726392918 0.034646594612709906 0.05638563436970429
30 0.6032583532565969 0.6793449924060778 0.029891179665867396 0.05027152943804978
30 0.5869540734388511 0.8709202802645916 0.02989117966586747 0.05842366934692265
29 0.6874971323149507 0.6932715647504023 0.03124986965067947 0.057744324354516575
29 0.814194973398684 0.6953095997276205 0.03600528459752212 0.05774432435451644
29 0.8155536633834961 0.8889229225633525 0.03600528459752212 0.057744324354516575
29 0.6844400798491234 0.8851865251051191 0.036005284597521975 0.0570649793621105
