47 0.8442256701456421 0.7105969476458841 0.05163021942286207 0.0679344992406078
47 0.8323371327785358 0.908965685428459 0.04279873452158298 0.06929318922541981
35 0.7633836160493189 0.7299582799294575 0.04076069954436448 0.06997253421782616
35 0.7351907988644666 0.9198352053069562 0.04144004453677084 0.07065187921023196
48 0.6835605794416046 0.7085589126686659 0.04415742450639499 0.05978235933173479
48 0.6737100770517165 0.9055689604664284 0.03804331957474019 0.06249973930135894
23 0.5915093329705812 0.7201077775395693 0.03940200955955255 0.06249973930135894
23 0.5680719307325713 0.9160988078487228 0.037363974582334196 0.06589646426338959
36 0.5310476286464403 0.7024448077370112 0.038043319574740476 0.06249973930135937
36 0.5072705539122275 0.893340750603119 0.03532593960511598 0.06521711927098338
29 0.4505452470463201 0.6871595454078745 0.037363974582334265 0.061820394308953155
29 0.4515642645349292 0.8811125407398097 0.03668462958992819 0.06385842928617123
40 0.4006133901044734 0.6932736503395293 0.03940200955955255 0.0645377742785773
40 0.3992547001196612 0.8848489381980431 0.04076069954436463 0.060461704324140865
37 0.3046862290941258 0.702107220829935 0.038722664567146445 0.06182039430895301
37 0.3080829540561562 0.8933428361922457 0.04144004453677077 0.0665758092557958
37 0.18240413046103185 0.8947015261770579 0.048233494460831514 0.06249973930135908
37 0.1739123180559559 0.7068626357767775 0.03804331957474036 0.05910301433932872
28 0.07812467412669892 0.3828150743990786 0.03396724962030388 0.05638563436970451
28 0.2092382576610719 0.3804373669256573 0.03804331957474034 0.05434759939248629
28 0.20550186020283845 0.5743903622575924 0.036005284597522086 0.057744324354516575
28 0.07710565663808981 0.5726919997765773 0.034646594612709955 0.05978235933173479
27 0.26936028948900975 0.39708131923960616 0.03736397458233423 0.055026944384892286
27 0.2581510971143095 0.5832218471588714 0.03396724962030387 0.05095087443045585
22 0.31249869650679574 0.39504328426238794 0.03260855963549176 0.052309564415267996
22 0.30230852162070454 0.587977262105714 0.031249869650679614 0.05910301433932865
31 0.3702430208613123 0.3987796817206214 0.03804331957474034 0.06114104931654694
31 0.3637892434334546 0.588316934601917 0.03328790462789776 0.05978235933173479
41 0.4303650526892502 0.3940242667737788 0.04687480447601928 0.061141049316547014
41 0.4137211003753013 0.579145777204435 0.03940200955955248 0.06725515424820167
38 0.48776970454756374 0.39300524928516967 0.04347807951398892 0.06453777427857738
38 0.4718050972260208 0.5811838121816532 0.040081354551958624 0.06182039430895301
30 0.5550248587957654 0.40319542417126086 0.04211938952917677 0.06317908429376516
30 0.5268320416109131 0.5906946420753383 0.037363974582334265 0.06317908429376516
34 0.6195626330743429 0.41168723657633677 0.04211938952917677 0.06657580925579559
34 0.595106213347724 0.6008848169614294 0.048912839453237635 0.06861384423301388
21 0.6956534434020771 0.4205187214776159 0.03940200955955248 0.06657580925579559
21 0.667800298713428 0.6080179393816932 0.03940200955955262 0.07065187921023189
33 0.7754764800097915 0.4476925211738589 0.042798734521582844 0.06521711927098345
33 0.7391315229160662 0.632814031604515 0.04076069954436491 0.06861384423301388
42 0.7877046898731007 0.6358710840703425 0.03736397458233412 0.06657580925579566
42 0.8196339045161862 0.44565448619664083 0.042798734521582844 0.059782359331734786
44 0.868886416465627 0.4317279138523161 0.05706497936211065 0.06725515424820173
44 0.8406935992807749 0.624322219199439 0.052309564415267996 0.07201056919504417
20 0.8780575738631091 0.3220095264004808 0.045516114491207134 0.06114104931654694
20 0.8811146263289364 0.12364078861790613 0.04755414946842549 0.059782359331734834
45 0.807405694652877 0.1243201336103122 0.040081354551958694 0.06657580925579562
45 0.8094437296300953 0.3128383690029988 0.034646594612709976 0.06317908429376526
50 0.7265636405565538 0.28226784434472524 0.037363974582334265 0.06182039430895301
50 0.7228272430983205 0.09205124647102352 0.04211938952917691 0.061820394308953065
51 0.6572704513311339 0.29823245166626805 0.042798734521582914 0.06249973930135908
51 0.659308486308352 0.10903487128117545 0.037363974582334265 0.0658964642633895
25 0.597827764495602 0.30502590159032883 0.036684629589928124 0.0652171192709834
25 0.597827764495602 0.11107290625839368 0.04076069954436463 0.057744324354516596
43 0.5315916277360095 0.29415638171183156 0.042798734521582914 0.05978235933173487
43 0.5326106452246187 0.10631749131155115 0.043478079513988986 0.06317908429376522
26 0.4629777835029957 0.29653408918525287 0.03600528459752212 0.057744324354516575
26 0.4575430235637471 0.10733650880016027 0.040081354551958624 0.05706497936211052
24 0.4256138089206614 0.11209192374700279 0.034646594612710045 0.05978235933173481
24 0.42289642895103713 0.3006101591396893 0.037363974582334265 0.05502694438489225
39 0.37873900444464204 0.288721621772583 0.03872266456714641 0.059782359331734834
39 0.3641330871079114 0.10699683630395722 0.04211938952917684 0.06317908429376524
46 0.3250665788663082 0.29585474419284674 0.041440044536770734 0.06317908429376523
46 0.31317804149920175 0.11345061373181496 0.03668462958992826 0.06114104931654698
49 0.25781142461810647 0.3026481941169076 0.033287904627897796 0.06182039430895305
49 0.27139832446622797 0.11209192374700282 0.036005284597522086 0.054347599392486214
32 0.09239091896722657 0.28940096676498905 0.04755414946842543 0.06793449924060777
32 0.09782567890647519 0.1025810938533177 0.038043319574740345 0.06114104931654699
32 0.22452351999020861 0.11107290625839368 0.04687480447601931 0.0631790842937652
32 0.21229531012689926 0.29619441668904983 0.042798734521582914 0.06521711927098352
