24 0.1025810938533177 0.16236553877417959 0.03668462958992817 0.05978235933173487
24 0.10360011134192681 0.35122344666306915 0.040081354551958576 0.05570628937729829
24 0.23505336737250282 0.15862914131594616 0.04076069954436466 0.05774432435451662
24 0.236412057357315 0.34782672170103873 0.03804331957474034 0.06114104931654694
20 0.30604491907893794 0.1650829187438039 0.034646594612709976 0.055706289377298324
20 0.43817752010192007 0.15964815880455524 0.04211938952917684 0.05978235933173479
20 0.30978131653717134 0.35326148164028737 0.03532593960511605 0.057064979362110434
20 0.44157424506395043 0.3525821366478813 0.03532593960511612 0.06249973930135908
40 0.5309081115653497 0.16915898869824034 0.03600528459752205 0.05842366934692269
40 0.6596439876263014 0.16813997120963123 0.03668462958992805 0.05910301433932872
40 0.6610026776111135 0.35699787909852077 0.03260855963549176 0.05774432435451665
40 0.5332858190387709 0.3573375515947238 0.03804331957474027 0.0638584292861713
44 0.7486423528097513 0.17153669617166162 0.03668462958992819 0.05774432435451663
44 0.8794162638479213 0.16746062621722518 0.0414400445367707 0.06317908429376523
44 0.8821336438175456 0.358696241579536 0.040081354551958555 0.06114104931654694
44 0.7483026803135483 0.3576772240909269 0.0414400445367707 0.060461704324140865
32 0.7415092303894875 0.4870924451442848 0.03600528459752226 0.05978235933173487
32 0.8746608489010788 0.49218753258733033 0.04144004453677084 0.0591030143393288
32 0.8750005213972818 0.6881785628964837 0.03940200955955248 0.06385842928617123
32 0.7394711954122692 0.6854611829268593 0.04279873452158298 0.06114104931654708
36 0.07371310285431322 0.49150818759492426 0.03872266456714641 0.06046170432414094
36 0.19973159894564063 0.4857337551594725 0.04211938952917684 0.06114104931654687
36 0.20890275634312275 0.6776487155141896 0.038722664567146375 0.0645377742785773
36 0.07914786279356184 0.6824041304610319 0.04687480447601934 0.06182039430895301
28 0.526156867796761 0.49524458505315766 0.037363974582334335 0.06249973930135916
28 0.6640639012551947 0.5030570524658274 0.04551611449120727 0.06046170432414094
28 0.6569307788349309 0.700406772759793 0.03532593960511605 0.06114104931654694
28 0.5210617803537154 0.6956513578129505 0.03940200955955255 0.06249973930135908
48 0.3108045052040343 0.4945652400607516 0.037363974582334265 0.055706289377298435
48 0.43988005376118905 0.4901494976101121 0.03872266456714634 0.0591030143393288
48 0.44667350368524983 0.6844421654382502 0.034646594612709976 0.06046170432414101
48 0.31623926514328293 0.6888579078888898 0.042798734521582914 0.06114104931654694
