26 0.048687089715536105 0.33424507658643327 0.029540481400437635 0.060175054704595145
26 0.048687089715536105 0.5092997811816192 0.040481400437636754 0.057986870897155283
26 0.16849015317286653 0.3446389496717724 0.03938730853391684 0.05689277899343544
26 0.1652078774617068 0.5098468271334792 0.03282275711159736 0.05689277899343544
39 0.2117067833698031 0.3402625820568928 0.036105032822757115 0.059080962800875235
39 0.20897155361050332 0.5082056892778993 0.035010940919037205 0.060175054704595186
39 0.32221006564551424 0.3462800875273523 0.03829321663019698 0.06236323851203501
39 0.3189277899343545 0.5098468271334792 0.036105032822757115 0.061269146608315166
38 0.3676148796498906 0.3435448577680525 0.03501094091903724 0.05689277899343544
38 0.4786652078774617 0.3484682713347921 0.03391684901531725 0.06455142231947483
38 0.36542669584245074 0.5087527352297593 0.03938730853391689 0.054704595185995686
38 0.4759299781181619 0.5109409190371992 0.037199124726477066 0.05689277899343544
25 0.5191466083150985 0.34518599562363234 0.03391684901531732 0.05142231947483587
25 0.6307439824945296 0.34245076586433254 0.027352297592997843 0.05689277899343548
25 0.6307439824945296 0.5027352297592997 0.03172866520787743 0.06017505470459511
25 0.5207877461706782 0.5109409190371992 0.03501094091903724 0.05689277899343544
44 0.6695842450765865 0.35229759299781177 0.037199124726477066 0.05251641137855579
44 0.7768052516411379 0.350109409190372 0.052516411378555714 0.05251641137855579
44 0.7811816192560176 0.512582056892779 0.037199124726477066 0.060175054704595256
44 0.6706783369803064 0.5114879649890591 0.03501094091903724 0.06236323851203501
30 0.8298687089715537 0.33862144420131296 0.03172866520787736 0.05579868708971549
30 0.8353391684901531 0.5065645514223195 0.03391684901531732 0.054704595185995686
30 0.9458424507658643 0.33424507658643327 0.03829321663019684 0.049234135667396116
30 0.9529540481400437 0.5016411378555798 0.04157549234135658 0.055798687089715526
33 0.05908096280087527 0.5722100656455142 0.0437636761487965 0.05689277899343551
33 0.06181619256017505 0.7363238512035011 0.042669584245076574 0.06345733041575499
33 0.16794310722100655 0.7324945295404813 0.04485776805251643 0.07549234135667404
33 0.17013129102844637 0.5722100656455142 0.03829321663019694 0.06345733041575485
42 0.22264770240700216 0.5694748358862145 0.040481400437636775 0.057986870897155283
42 0.3304157549234135 0.5640043763676149 0.037199124726477 0.05579868708971546
42 0.33643326039387306 0.7341356673960613 0.04266958424507657 0.07002188183807448
42 0.2231947483588621 0.7330415754923414 0.041575492341356685 0.06564551422319483
27 0.37363238512035013 0.5727571115973741 0.03391684901531732 0.05142231947483587
27 0.4852297592997812 0.5705689277899344 0.025164113785557943 0.049234135667396116
27 0.486870897155361 0.7352297592997812 0.032822757111597343 0.05908096280087534
27 0.3785557986870897 0.7363238512035011 0.037199124726477066 0.052516411378555714
24 0.5295404814004376 0.575492341356674 0.032822757111597343 0.05251641137855579
24 0.5328227571115974 0.7390590809628008 0.03282275711159748 0.05579868708971546
24 0.6438730853391685 0.7363238512035011 0.03391684901531732 0.052516411378555714
24 0.6345733041575492 0.5733041575492341 0.03063457330415744 0.05689277899343551
35 0.6838074398249452 0.5771334792122539 0.03063457330415744 0.05579868708971546
35 0.7926695842450766 0.7341356673960613 0.04048140043763681 0.05908096280087534
35 0.7915754923413567 0.5733041575492341 0.03391684901531732 0.054704595185995686
35 0.6887308533916848 0.7379649890590809 0.03610503282275715 0.06236323851203508
47 0.8342450765864332 0.5700218818380745 0.03610503282275715 0.05908096280087527
47 0.949671772428884 0.5716630196936543 0.04814004376367606 0.0557986870897156
47 0.8364332603938732 0.7330415754923414 0.029540481400437527 0.06783369803063465
47 0.9507658643326039 0.7363238512035011 0.03719912472647693 0.061269146608315166
