30 0.060175054704595186 0.22921225382932164 0.04157549234135668 0.06673960612691462
30 0.21006564551422321 0.2188183807439825 0.03938730853391686 0.06345733041575492
30 0.22757111597374177 0.438183807439825 0.048140043763676095 0.07111597374179432
30 0.08096280087527351 0.4518599562363238 0.045951859956236324 0.07002188183807441
24 0.2937636761487965 0.22811816192560172 0.029540481400437635 0.06673960612691462
24 0.44529540481400437 0.22757111597374177 0.04157549234135672 0.07658643326039385
24 0.44748358862144416 0.4502188183807439 0.0459518599562363 0.0689277899343545
24 0.29649890590809624 0.4452954048140045 0.04595185995623634 0.07002188183807441
22 0.5246170678336981 0.23085339168490154 0.038293216630196907 0.07221006564551423
22 0.6816192560175054 0.2324945295404814 0.039387308533916754 0.06673960612691467
22 0.6739606126914661 0.45787746170678334 0.04595185995623638 0.06673960612691467
22 0.5246170678336981 0.4573304157549234 0.049234135667396116 0.06564551422319476
40 0.7609409190371992 0.22647702407002185 0.04704595185995629 0.07002188183807437
40 0.9113785557986871 0.2314004376367615 0.054704595185995686 0.07330415754923415
40 0.9075492341356675 0.45568927789934355 0.04704595185995629 0.0754923413566739
40 0.7571115973741794 0.4518599562363238 0.05032822757111589 0.07221006564551423
44 0.10065645514223195 0.5733041575492341 0.04595185995623632 0.07002188183807448
44 0.10995623632385121 0.7893873085339169 0.047045951859956255 0.0798687089715537
44 0.25820568927789933 0.7861050328227571 0.05251641137855579 0.07768052516411374
44 0.24398249452954046 0.5694748358862144 0.052516411378555825 0.06892778993435457
34 0.3178336980306346 0.5585339168490153 0.04704595185995629 0.07768052516411374
34 0.3216630196936543 0.7773522975929978 0.04595185995623638 0.07111597374179439
34 0.46772428884026257 0.5579868708971554 0.049234135667396046 0.07658643326039381
34 0.4710065645514223 0.7696936542669585 0.049234135667396046 0.07111597374179439
25 0.5344638949671772 0.5525164113785558 0.04704595185995629 0.07877461706783365
25 0.6865426695842451 0.5574398249452954 0.04704595185995629 0.07549234135667397
25 0.6821663019693655 0.7702407002188184 0.042669584245076636 0.0722100656455143
25 0.5350109409190371 0.7724288840262582 0.039387308533916754 0.06783369803063465
26 0.7576586433260394 0.5519693654266958 0.04485776805251646 0.06892778993435457
26 0.9179431072210065 0.563457330415755 0.04814004376367606 0.0678336980306345
26 0.8987964989059081 0.7828227571115974 0.042669584245076636 0.07768052516411388
26 0.7516411378555798 0.7735229759299781 0.043763676148796546 0.06564551422319483
