26 0.03702430208613123 0.25781142461810647 0.02377707473421271 0.041440044536770734
26 0.12262177112929701 0.24999895720543655 0.026494454703837034 0.03668462958992819
26 0.13654834347362158 0.377036470785373 0.0244564197266188 0.046195459483613276
26 0.05468727188868925 0.3838299207094339 0.029211834673461345 0.04211938952917684
42 0.1593064007192252 0.25067830219784265 0.026494454703837073 0.04076069954436466
42 0.24388485227378184 0.2503386297016396 0.03124986965067958 0.041440044536770734
42 0.2503386297016396 0.3749984358081548 0.029211834673461362 0.03940200955955248
42 0.16915690310911333 0.37873483326638824 0.029891179665867452 0.04687480447601942
46 0.2734363594434462 0.2486402672206244 0.02377707473421271 0.04211938952917684
46 0.3580148109980029 0.24626255974720315 0.031249869650679614 0.04008135455195859
46 0.3641289159296576 0.3695636758689062 0.023097729741806673 0.04483676949880106
46 0.28226784434472524 0.3749984358081548 0.02785314468864918 0.03940200955955248
21 0.3902836981372916 0.25781142461810647 0.021059694764588455 0.04687480447601935
21 0.4755414946842544 0.2564527346332943 0.025815109711430962 0.042798734521582914
21 0.48199527211211207 0.3760174532967639 0.022418384749400458 0.042798734521582914
21 0.3991151830385706 0.3804331957474034 0.025135764719024963 0.03940200955955248
40 0.5071310368311369 0.24965928470923351 0.02513576471902489 0.0455161144912072
40 0.5930681783705058 0.2520369921826548 0.027173799696243037 0.04347807951398895
40 0.5930681783705058 0.3739794183195457 0.027173799696243037 0.0414400445367707
40 0.5112071067855734 0.37669679828916997 0.026494454703836965 0.04144004453677077
45 0.5981632658135513 0.42866669020823495 0.029211834673461397 0.03804331957474027
45 0.5981632658135514 0.5485710813679077 0.02513576471902482 0.04279873452158298
45 0.516641866724822 0.4273080002234228 0.029211834673461324 0.04076069954436456
51 0.3977564930537585 0.4273080002234228 0.023777074734212745 0.03940200955955248
51 0.48199527211211207 0.42493029275000155 0.03057052465827347 0.03600528459752205
51 0.48607134206654856 0.5468727188868924 0.02513576471902482 0.04211938952917684
51 0.4035309254892101 0.5492504263603137 0.027173799696243107 0.045516114491207134
43 0.2826075168409283 0.42832701771203197 0.03124986965067954 0.042798734521582844
43 0.3665066234030789 0.42323193026898637 0.029211834673461324 0.04211938952917677
43 0.3753381083043578 0.5431363214286591 0.026494454703837034 0.04144004453677084
43 0.29347703671942554 0.5502694438489228 0.02853248968105525 0.043478079513989056
31 0.16508083315467686 0.4303650526892501 0.024456419726618765 0.042798734521582775
31 0.1698362481015194 0.5526471513223441 0.031249869650679597 0.040081354551958555
31 0.25441469965607605 0.5533264963147502 0.023777074734212745 0.04415742450639499
31 0.24999895720543655 0.42764767271962584 0.028532489681055217 0.03872266456714634
20 0.04347807951398897 0.43104439768165626 0.025815109711430955 0.040081354551958555
20 0.05095087443045582 0.5550248587957654 0.027173799696243107 0.04076069954436463
20 0.13451030849640333 0.5536661688109532 0.024456419726618783 0.03940200955955248
20 0.12873587606095171 0.429346035200641 0.026494454703837017 0.0421193895291767
35 0.6277189441614694 0.2520369921826548 0.03124986965067947 0.046195459483613276
35 0.632814031604515 0.375677780800561 0.037363974582334265 0.051630219422862
35 0.7129767407084322 0.3722810558385305 0.029211834673461255 0.04755414946842542
35 0.71161805072362 0.25271633717506087 0.02785314468864911 0.048912839453237565
22 0.7438869378629087 0.2530560096712639 0.025815109711431177 0.041440044536770734
22 0.8328811318681048 0.25237666467885783 0.025815109711430893 0.041440044536770734
22 0.8359381843339324 0.3780554882739823 0.029211834673461255 0.042798734521582914
22 0.7483026803135483 0.3800935232512005 0.023777074734212818 0.04144004453677077
37 0.8580168965871299 0.2581510971143095 0.02717379969624318 0.048912839453237565
37 0.9408969856606713 0.2486402672206244 0.02989117966586747 0.0489128394532376
37 0.9548235580049959 0.37363974582334264 0.029211834673461255 0.04483676949880113
37 0.868546743969424 0.38077286824360657 0.03328790462789783 0.04415742450639513
38 0.8729624864200635 0.4215335677879712 0.031249869650679614 0.042798734521582914
38 0.9531251955239807 0.4188161878183469 0.028532489681055182 0.0414400445367707
38 0.956521920486011 0.5387205789780195 0.03260855963549161 0.04211938952917684
38 0.8807749538327334 0.5468727188868924 0.01698362481015195 0.04755414946842542
47 0.7496613702983604 0.4269683277272198 0.026494454703837107 0.042798734521582844
47 0.8315224418832929 0.4215335677879714 0.028532489681055182 0.044157424506395065
47 0.8369572018225415 0.5444950114134711 0.029891179665867327 0.04823349446083149
47 0.7561151477262181 0.5468727188868925 0.03260855963549176 0.04619545948361314
23 0.7143354306932445 0.5472123913830955 0.021059694764588528 0.040081354551958485
23 0.7167131381666656 0.4218732402841742 0.024456419726618748 0.04076069954436456
23 0.6341727215893271 0.42289225777278333 0.025135764719024747 0.042798734521582775
36 0.8855303687795759 0.7126328970339755 0.03600528459752212 0.05027152943804964
36 0.9714675103189448 0.7054997746137117 0.028532489681055324 0.042798734521582844
36 0.9578806104708232 0.5855953834540389 0.028532489681055182 0.03940200955955255
36 0.8719434689314545 0.5923888333780997 0.031929214643085825 0.04076069954436463
25 0.8491854116858508 0.7129725695301785 0.02445641972661889 0.04415742450639499
25 0.7656259776199034 0.716029621996006 0.027173799696242895 0.040760699544364766
25 0.7554358027338121 0.5923888333780997 0.028532489681055324 0.03804331957474041
25 0.8423919617617901 0.5879730909274602 0.024456419726618748 0.042798734521582914
24 0.6487786389260579 0.717727984477021 0.024456419726618817 0.0414400445367707
24 0.7323380729920055 0.709236172071945 0.02989117966586747 0.03668462958992805
24 0.7173924831590718 0.5889921084160693 0.02309772974180646 0.04211938952917684
24 0.6351917390779362 0.5978235933173484 0.025815109711430962 0.0421193895291767
34 0.5292139202625883 0.7177279844770211 0.02989117966586747 0.04415742450639513
34 0.6049608869158658 0.5910301433932875 0.022418384749400673 0.046195459483613345
34 0.5203824353613092 0.5978235933173484 0.036684629589928124 0.03668462958992805
34 0.6090369568703025 0.7126328970339756 0.029211834673461324 0.04755414946842549
28 0.49218961817645707 0.7153502770035998 0.02513576471902482 0.04347807951398892
28 0.41066821908772766 0.7214643819352545 0.029211834673461324 0.04211938952917691
28 0.40421444165986997 0.5974839208211453 0.027173799696243107 0.03600528459752205
28 0.4870945307334115 0.5944268683553179 0.023097729741806673 0.03668462958992819
29 0.2853248968105526 0.5944268683553179 0.024456419726618783 0.03940200955955255
29 0.2914390017422073 0.7177279844770211 0.027173799696243072 0.04551611449120727
29 0.37669679828916997 0.7180676569732242 0.02241838474940053 0.04211938952917691
29 0.3722810558385305 0.5968045758287391 0.024456419726618817 0.042798734521582914
29 0.26018913209152766 0.7109345345529602 0.024456419726618814 0.041440044536770554
29 0.2550940446484821 0.595445885843927 0.0224183847494006 0.0414400445367707
29 0.17357264555975285 0.5978235933173484 0.0224183847494006 0.04076069954436456
29 0.18138511297242274 0.7167089669884119 0.029891179665867434 0.04211938952917677
44 0.13620867097741857 0.7194263469580362 0.03328790462789781 0.04755414946842535
44 0.05570628937729836 0.7190866744618332 0.031249869650679562 0.0414400445367707
44 0.057744324354516596 0.595106213347724 0.025815109711430955 0.03804331957474041
44 0.13824670595463678 0.5971442483249422 0.027853144688649217 0.03804331957474034
