31 0.08369803063457332 0.175054704595186 0.03610503282275713 0.05908096280087527
31 0.20733041575492345 0.17177242888402625 0.036105032822757115 0.06126914660831508
31 0.21115973741794314 0.3462800875273523 0.030634573304157548 0.060175054704595186
31 0.09080962800875274 0.3512035010940919 0.045951859956236324 0.05689277899343544
39 0.11925601750547045 0.462253829321663 0.03719912472647701 0.060175054704595186
39 0.23796498905908095 0.45404814004376365 0.04704595185995622 0.06345733041575492
39 0.25328227571115974 0.6291028446389497 0.042669584245076636 0.06564551422319483
39 0.1301969365426696 0.6405908096280087 0.04157549234135667 0.07111597374179439
35 0.2893873085339168 0.16356673960612692 0.040481400437636775 0.060175054704595186
35 0.4119256017505471 0.16466083150984684 0.04485776805251639 0.06455142231947483
35 0.413019693654267 0.33807439824945296 0.04048140043763673 0.06783369803063455
35 0.287199124726477 0.3353391684901532 0.0426695842450766 0.06236323851203498
47 0.525711159737418 0.1766958424507659 0.038293216630196907 0.06455142231947486
47 0.6427789934354484 0.16794310722100658 0.04485776805251632 0.06673960612691468
47 0.662472647702407 0.3419037199124726 0.042669584245076636 0.06455142231947483
47 0.5366520787746171 0.34792122538293213 0.04048140043763688 0.06783369803063462
27 0.7324945295404813 0.15973741794310722 0.03829321663019698 0.06345733041575492
27 0.8594091903719913 0.16356673960612692 0.03610503282275715 0.06673960612691467
27 0.8577680525164113 0.3364332603938731 0.037199124726477066 0.05798687089715532
27 0.7330415754923414 0.3336980306345733 0.037199124726477066 0.05689277899343551
51 0.7472647702407003 0.42669584245076586 0.03282275711159741 0.06126914660831503
51 0.8719912472647703 0.42450765864332607 0.04157549234135672 0.05689277899343544
51 0.8758205689277899 0.6077680525164113 0.042669584245076636 0.060175054704595186
51 0.75054704595186 0.6077680525164113 0.037199124726477066 0.06673960612691467
43 0.6400437636761488 0.4513129102844639 0.035010940919037024 0.06455142231947492
43 0.6449671772428883 0.62527352297593 0.040481400437636664 0.0557986870897156
43 0.524070021881838 0.62472647702407 0.04157549234135672 0.06345733041575492
43 0.5175054704595187 0.450218818380744 0.037199124726477066 0.057986870897155283
23 0.4420131291028446 0.4431072210065646 0.03282275711159741 0.05908096280087534
23 0.4447483588621444 0.6225382932166302 0.03610503282275715 0.061269146608315166
23 0.31838074398249455 0.4447483588621444 0.03282275711159741 0.0557986870897156
23 0.32111597374179435 0.6203501094091903 0.03391684901531729 0.0590809628008752
