31 0.08698030634573303 0.1898249452954048 0.03391684901531728 0.06236323851203503
31 0.09354485776805252 0.36159737417943105 0.04266958424507659 0.05798687089715543
31 0.22045951859956237 0.36159737417943105 0.04048140043763673 0.060175054704595186
31 0.20842450765864334 0.18654266958424506 0.036105032822757115 0.060175054704595186
27 0.3222100656455142 0.17177242888402627 0.027352297592997774 0.05689277899343546
27 0.4425601750547046 0.17067833698030632 0.03829321663019698 0.0634573304157549
27 0.44584245076586426 0.34026258205689275 0.03610503282275708 0.061269146608315096
27 0.3265864332603939 0.3419037199124726 0.03829321663019687 0.060175054704595186
47 0.5268052516411379 0.19091903719912473 0.03610503282275708 0.05798687089715535
47 0.5404814004376367 0.36050328227571116 0.048140043763676206 0.06673960612691467
47 0.6619256017505469 0.3506564551422319 0.03719912472647721 0.07111597374179432
47 0.6449671772428883 0.18161925601750548 0.040481400437636664 0.06783369803063458
51 0.7264770240700219 0.1575492341356674 0.03501094091903724 0.06345733041575494
51 0.849015317286652 0.14715536105032823 0.04595185995623638 0.060175054704595186
51 0.8648796498905909 0.3238512035010941 0.042669584245076636 0.06783369803063455
51 0.7434354485776805 0.3320568927789935 0.051422319474835804 0.0645514223194748
35 0.7527352297592997 0.4518599562363238 0.03501094091903724 0.054704595185995616
35 0.87472647702407 0.45514223194748354 0.03829321663019698 0.06564551422319476
35 0.87472647702407 0.6312910284463894 0.03391684901531732 0.06564551422319469
35 0.7538293216630197 0.6307439824945296 0.03938730853391689 0.06236323851203501
43 0.5218818380743983 0.4595185995623632 0.037199124726477135 0.05908096280087527
43 0.6389496717724289 0.4545951859956236 0.04157549234135672 0.06236323851203501
43 0.6493435448577679 0.6280087527352297 0.04266958424507657 0.06345733041575499
43 0.5306345733041575 0.6345733041575492 0.04157549234135672 0.07002188183807441
23 0.32385120350109403 0.4540481400437637 0.037199124726477 0.05908096280087534
23 0.4485776805251641 0.45350109409190376 0.03501094091903724 0.060175054704595256
23 0.45404814004376365 0.6285557986870898 0.043763676148796476 0.06236323851203508
23 0.3276805251641137 0.6307439824945295 0.038293216630196907 0.06892778993435442
39 0.12253829321663019 0.474288840262582 0.03938730853391682 0.06455142231947483
39 0.24507658643326038 0.4666301969365426 0.04595185995623634 0.06236323851203501
39 0.25984682713347923 0.637308533916849 0.04485776805251643 0.06455142231947492
39 0.1400437636761488 0.6493435448577681 0.03938730853391686 0.06673960612691474
