43 0.06564551422319476 0.24781181619256018 0.04595185995623632 0.08424507658643325
43 0.07658643326039388 0.4704595185995623 0.05032822757111598 0.07439824945295406
43 0.23030634573304154 0.4649890590809628 0.055798687089715526 0.07221006564551423
43 0.21827133479212255 0.2472647702407002 0.04266958424507657 0.08096280087527351
51 0.2899343544857768 0.24070021881838075 0.04157549234135672 0.07658643326039388
51 0.4463894967177242 0.23522975929978115 0.05908096280087527 0.07221006564551427
51 0.4502188183807439 0.4655361050328227 0.04266958424507657 0.07330415754923415
51 0.2970459518599562 0.4655361050328227 0.04923413566739601 0.0754923413566739
49 0.5213347921225383 0.23030634573304154 0.04048140043763681 0.07768052516411376
49 0.6777899343544856 0.23249452954048141 0.04704595185995615 0.07111597374179432
49 0.6777899343544856 0.4567833698030634 0.04048140043763681 0.07330415754923415
49 0.5235229759299781 0.4595185995623632 0.04485776805251639 0.06783369803063458
41 0.7434354485776805 0.2390590809628009 0.042669584245076636 0.07111597374179432
41 0.8960612691466082 0.2434354485776805 0.05032822757111589 0.0776805251641138
41 0.8938730853391683 0.4649890590809628 0.04157549234135658 0.07221006564551423
41 0.7396061269146608 0.46006564551422313 0.048140043763676206 0.07549234135667397
39 0.07822757111597374 0.5722100656455142 0.04704595185995625 0.074398249452954
39 0.23687089715536103 0.5683807439824945 0.047045951859956255 0.07111597374179432
39 0.2472647702407002 0.788293216630197 0.043763676148796476 0.0754923413566739
39 0.09299781181619256 0.7932166301969364 0.052516411378555804 0.07658643326039381
37 0.30470459518599563 0.5765864332603938 0.04485776805251643 0.074398249452954
37 0.4556892778993435 0.5722100656455142 0.04485776805251639 0.074398249452954
37 0.45897155361050324 0.7964989059080964 0.04704595185995622 0.08096280087527347
37 0.30908096280087527 0.7970459518599563 0.049234135667396116 0.07330415754923408
31 0.5213347921225383 0.5667396061269147 0.04485776805251639 0.07877461706783365
31 0.6788840262582057 0.5760393873085339 0.051422319474835804 0.0754923413566739
31 0.6728665207877462 0.7964989059080964 0.048140043763676206 0.08533916849015313
31 0.5191466083150985 0.7948577680525165 0.0536105032822757 0.07111597374179425
47 0.7412472647702407 0.5683807439824945 0.042669584245076636 0.07111597374179432
47 0.8982494529540481 0.5661925601750547 0.05032822757111603 0.0754923413566739
47 0.9075492341356672 0.787199124726477 0.04485776805251632 0.08424507658643336
47 0.7560175054704595 0.7904814004376368 0.048140043763676206 0.08205689277899339
