29 0.06400437636761487 0.19967177242888404 0.04485776805251641 0.07330415754923415
29 0.07986870897155361 0.38676148796498905 0.048140043763676144 0.06892778993435457
29 0.20295404814004378 0.37910284463894967 0.0426695842450766 0.06236323851203501
29 0.18927789934354486 0.1963894967177243 0.03938730853391689 0.0645514223194748
30 0.2554704595185996 0.3703501094091904 0.040481400437636775 0.06236323851203501
30 0.38074398249452956 0.36323851203501095 0.04157549234135665 0.05689277899343544
30 0.24507658643326038 0.18435448577680524 0.03938730853391686 0.05798687089715534
37 0.4266958424507659 0.35667396061269147 0.0459518599562363 0.06564551422319476
37 0.5470459518599563 0.3533916849015317 0.04157549234135665 0.07002188183807441
37 0.5421225382932167 0.17943107221006563 0.04485776805251639 0.06564551422319473
22 0.6017505470459519 0.16247264770240702 0.043763676148796476 0.060175054704595186
22 0.7275711159737418 0.16739606126914658 0.043763676148796546 0.0634573304157549
22 0.7226477024070022 0.350109409190372 0.042669584245076636 0.061269146608315096
22 0.5979212253829321 0.3512035010940919 0.038293216630196907 0.05908096280087534
35 0.7811816192560176 0.15973741794310722 0.04376367614879641 0.0678336980306346
35 0.8998905908096281 0.16192560175054704 0.049234135667396116 0.06126914660831512
35 0.9004376367614878 0.3397155361050328 0.04376367614879641 0.0689277899343545
35 0.7784463894967177 0.3435448577680525 0.042669584245076636 0.061269146608315096
33 0.7729759299781181 0.4146608315098469 0.04485776805251646 0.07221006564551423
33 0.7899343544857769 0.5924507658643325 0.061269146608315166 0.07986870897155363
33 0.8987964989059081 0.588074398249453 0.0557986870897156 0.06892778993435457
33 0.8955142231947484 0.4102844638949672 0.05798687089715543 0.07221006564551423
41 0.5929978118161925 0.4239606126914661 0.03938730853391682 0.07111597374179432
41 0.711159737417943 0.4212253829321664 0.048140043763676206 0.06564551422319476
41 0.7231947483588621 0.599562363238512 0.037199124726477066 0.06783369803063458
41 0.6039387308533917 0.599562363238512 0.0459518599562363 0.06564551422319476
45 0.4091903719912473 0.4310722100656455 0.03938730853391682 0.0678336980306345
45 0.526258205689278 0.4228665207877462 0.04595185995623645 0.060175054704595186
45 0.5448577680525164 0.6001094091903719 0.03938730853391689 0.07111597374179425
45 0.4206783369803064 0.6088621444201313 0.04704595185995622 0.06892778993435435
49 0.23960612691466082 0.44693654266958427 0.043763676148796476 0.060175054704595256
49 0.362144420131291 0.4349015317286653 0.04157549234135665 0.06236323851203501
49 0.3769146608315099 0.6137855579868708 0.04266958424507649 0.07002188183807441
49 0.25437636761487964 0.6263676148796499 0.03829321663019694 0.06455142231947483
36 0.05525164113785558 0.4611597374179431 0.047045951859956234 0.0689277899343545
36 0.06838074398249452 0.6455142231947484 0.05361050328227572 0.0722100656455143
36 0.18927789934354486 0.637308533916849 0.043763676148796476 0.06236323851203508
36 0.17888402625820568 0.462253829321663 0.0426695842450766 0.0689277899343545
