20 0.11244275483553721 0.14430796900014745 0.03164218226527682 0.06102420865446243
20 0.12063581988636785 0.33698625743692223 0.036727532986482035 0.06328436453055371
20 0.2525724191531916 0.3327484651692512 0.03616249401745918 0.05819901380934844
20 0.2421191982262699 0.14063521570149923 0.040117766800618855 0.0559388579332572
24 0.3260274851261557 0.13357222858871423 0.033902338141368095 0.05650389690227998
24 0.45655148697042264 0.12029381281667845 0.035032416079413625 0.057068935871302816
24 0.3418485762587941 0.32427288063390924 0.03616249401745918 0.058199013809348374
24 0.4723725781030609 0.3132546207379647 0.03390233814136799 0.059894130716416784
40 0.5746446314961876 0.12911140442170982 0.035032416079413625 0.05819901380934842
40 0.7023434384953404 0.12769880699915284 0.03616249401745932 0.05876405277837117
40 0.5769047873722788 0.31698686162179085 0.039552727831595934 0.058764052778371226
40 0.7046035943714317 0.31783442007532514 0.03616249401745904 0.05819901380934841
48 0.7921846345699657 0.12911140442170982 0.03616249401745918 0.05819901380934842
48 0.9229911558987439 0.13306667720486942 0.03559745504843633 0.058199013809348374
48 0.7851216474571808 0.31924701749788204 0.03898768886257315 0.058764052778371226
48 0.9170582467240045 0.32433236821908734 0.0316421822652768 0.05650389690228
32 0.7844376333178018 0.4455332270744779 0.036727532986482174 0.05932909174739393
32 0.7821774774417105 0.6367989180886957 0.03785761092452759 0.058764052778371295
32 0.9143965961930459 0.640471671387344 0.03333729917234521 0.05819901380934858
32 0.918069349491694 0.4477933829505691 0.038422649893550445 0.058199013809348374
28 0.7027895022940072 0.6523374897368228 0.03390233814136806 0.053678702057166065
28 0.5702878640581605 0.6492297754071973 0.03898768886257322 0.051983585150097655
28 0.5750906952948545 0.4559864480013997 0.035032416079413695 0.056503896902279964
28 0.7078748530152125 0.4610717987226049 0.03616249401745932 0.059894130716416784
36 0.12459109266952745 0.4520311752182401 0.040117766800618834 0.06102420865446241
36 0.25455005554477156 0.44666330501252355 0.03785761092452759 0.05819901380934836
36 0.2644382375026705 0.6356688401506502 0.03503241607941366 0.059894130716416784
36 0.13476179411193787 0.6424493077789236 0.045768156490846826 0.0632843645305536
44 0.32857016048675824 0.45287873367177434 0.038987688862573186 0.058199013809348374
44 0.3441087321348853 0.6427318272634353 0.03729257195550481 0.06723963731371313
44 0.47463273397915207 0.6314310478829792 0.04068280576964156 0.06384940349957652
44 0.4537262921253085 0.4407303958377841 0.04068280576964163 0.06102420865446241
