25 0.045951859956236324 0.2702407002188184 0.04157549234135668 0.0634573304157549
25 0.04978118161925602 0.4436542669584246 0.040481400437636754 0.05798687089715535
25 0.16958424507658645 0.44529540481400437 0.035010940919037184 0.05689277899343551
25 0.17013129102844637 0.275164113785558 0.03391684901531729 0.0536105032822757
26 0.21334792122538296 0.2778993435448578 0.035010940919037205 0.054704595185995616
26 0.32986870897155357 0.2773522975929978 0.03172866520787746 0.055798687089715526
26 0.3287746170678336 0.4513129102844639 0.03391684901531725 0.06017505470459511
26 0.2100656455142232 0.450218818380744 0.037199124726477 0.05361050328227577
38 0.3687089715536105 0.28336980306345727 0.028446389496717756 0.05689277899343548
38 0.4824945295404814 0.28774617067833697 0.037199124726477066 0.054704595185995616
38 0.4797592997811816 0.45568927789934355 0.03610503282275708 0.0557986870897156
38 0.36925601750547044 0.4556892778993435 0.03610503282275708 0.060175054704595186
27 0.5218818380743983 0.27954048140043763 0.028446389496717756 0.060175054704595186
27 0.6400437636761488 0.28008752735229764 0.037199124726477 0.05470459518599565
27 0.6427789934354486 0.44803063457330417 0.03391684901531732 0.06455142231947492
27 0.5284463894967177 0.4518599562363238 0.03501094091903724 0.054704595185995616
34 0.6843544857768051 0.27735229759299784 0.03829321663019712 0.06017505470459522
34 0.8030634573304158 0.2735229759299781 0.03938730853391689 0.05689277899343544
34 0.8090809628008754 0.44365426695842447 0.03829321663019712 0.06236323851203501
34 0.6909190371991246 0.4524070021881839 0.03829321663019712 0.06236323851203501
50 0.838074398249453 0.2729759299781182 0.05251641137855586 0.05579868708971556
50 0.9595185995623632 0.26914660831509846 0.048140043763676206 0.06783369803063458
50 0.9704595185995624 0.438183807439825 0.035010940919037094 0.06236323851203501
50 0.8517505470459519 0.45185995623632386 0.042669584245076636 0.05689277899343551
45 0.05087527352297593 0.5027352297592997 0.038293216630196934 0.057986870897155283
45 0.16192560175054704 0.5087527352297593 0.0437636761487965 0.05908096280087527
45 0.16028446389496717 0.6728665207877461 0.04266958424507657 0.07002188183807434
45 0.04321663019693655 0.675601750547046 0.04923413566739607 0.07111597374179439
22 0.21115973741794314 0.5032822757111597 0.041575492341356685 0.054704595185995686
22 0.33260393873085337 0.5180525164113786 0.03501094091903717 0.060175054704595256
22 0.31838074398249455 0.6854485776805251 0.03719912472647703 0.06236323851203494
22 0.20185995623632386 0.6805251641137856 0.040481400437636775 0.05908096280087534
23 0.3714442013129103 0.5153172866520788 0.02954048140043767 0.054704595185995686
23 0.486870897155361 0.5202407002188184 0.032822757111597343 0.05142231947483587
23 0.48194748358862144 0.6892778993435448 0.03172866520787743 0.06345733041575499
23 0.36706783369803064 0.6854485776805251 0.03391684901531732 0.057986870897155283
29 0.5246170678336981 0.5196936542669585 0.03610503282275715 0.05032822757111596
29 0.6394967177242888 0.5114879649890591 0.03610503282275694 0.049234135667396116
29 0.6466083150984683 0.6805251641137856 0.04157549234135672 0.05908096280087534
20 0.6859956236323852 0.5235229759299781 0.03282275711159741 0.055798687089715526
20 0.8003282275711159 0.5158643326039387 0.03610503282275715 0.05361050328227577
20 0.8172866520787747 0.6843544857768051 0.03501094091903724 0.06455142231947476
20 0.699671772428884 0.6931072210065645 0.04048140043763681 0.06017505470459511
51 0.8435448577680524 0.5158643326039387 0.03938730853391689 0.05798687089715535
51 0.9573304157549234 0.5065645514223195 0.04814004376367606 0.054704595185995686
51 0.9721006564551422 0.6728665207877462 0.04485776805251646 0.061269146608315166
51 0.8605032822757112 0.6832603938730852 0.03829321663019698 0.06236323851203494
