46 0.06455142231947483 0.3074398249452954 0.03282275711159738 0.05251641137855586
46 0.17505470459518602 0.31400437636761486 0.03938730853391684 0.05251641137855586
46 0.06345733041575492 0.47538293216630195 0.04157549234135668 0.0536105032822757
46 0.17669584245076586 0.4797592997811816 0.040481400437636775 0.055798687089715526
51 0.21827133479212257 0.3107221006564551 0.036105032822757115 0.05470459518599565
51 0.33479212253829327 0.3107221006564551 0.03282275711159741 0.05908096280087534
51 0.3336980306345733 0.474835886214442 0.03501094091903724 0.056892778993435374
51 0.22264770240700218 0.47757111597374186 0.03391684901531725 0.05361050328227577
37 0.3714442013129103 0.3161925601750547 0.02954048140043767 0.059080962800875235
37 0.48030634573304154 0.3216630196936543 0.037199124726477 0.05689277899343541
37 0.4814004376367615 0.48030634573304154 0.030634573304157513 0.05689277899343544
37 0.37472647702407 0.47921225382932164 0.038293216630196907 0.05689277899343544
24 0.525711159737418 0.3134573304157549 0.03391684901531732 0.05798687089715535
24 0.637308533916849 0.31564551422319476 0.03172866520787743 0.053610503282275665
24 0.6367614879649891 0.47811816192560175 0.03282275711159741 0.054704595185995616
24 0.524617067833698 0.4786652078774617 0.02954048140043767 0.04923413566739598
25 0.6799781181619255 0.3096280087527352 0.03829321663019684 0.06126914660831513
25 0.6788840262582057 0.47757111597374174 0.03829321663019684 0.055798687089715526
25 0.7932166301969366 0.31455142231947486 0.03719912472647693 0.05361050328227577
25 0.7926695842450766 0.474835886214442 0.02954048140043767 0.054704595185995616
35 0.8402625820568929 0.31181619256017507 0.03719912472647693 0.05689277899343548
35 0.9518599562363238 0.31291028446389496 0.04157549234135658 0.05470459518599565
35 0.9431072210065645 0.47374179431072205 0.045951859956236234 0.05689277899343544
35 0.838074398249453 0.474835886214442 0.03938730853391689 0.054704595185995616
27 0.057439824945295405 0.5404814004376368 0.03391684901531729 0.05251641137855579
27 0.17560175054704594 0.5421225382932167 0.03391684901531731 0.0557986870897156
27 0.174507658643326 0.7018599562363238 0.029540481400437635 0.060175054704595256
27 0.05798687089715535 0.7045951859956235 0.0350109409190372 0.06345733041575485
43 0.2188183807439825 0.5382932166301969 0.037199124726477 0.054704595185995686
43 0.3304157549234136 0.5355579868708971 0.03938730853391679 0.05142231947483587
43 0.3342450765864332 0.700218818380744 0.03610503282275708 0.05689277899343551
43 0.2221006564551422 0.698577680525164 0.035010940919037205 0.0557986870897156
48 0.3769146608315099 0.5366520787746171 0.03391684901531732 0.04923413566739598
48 0.3812910284463895 0.7007658643326039 0.03391684901531725 0.060175054704595256
48 0.48468271334792123 0.5355579868708971 0.03938730853391696 0.05142231947483587
48 0.49015317286652077 0.7007658643326039 0.03501094091903717 0.05579868708971546
40 0.5328227571115974 0.5415754923413567 0.03938730853391682 0.05251641137855579
40 0.6400437636761488 0.538293216630197 0.03938730853391689 0.05032822757111603
40 0.6416849015317286 0.7040481400437636 0.04048140043763673 0.05361050328227577
28 0.6859956236323852 0.5415754923413566 0.03282275711159741 0.05470459518599555
28 0.800328227571116 0.538840262582057 0.02954048140043767 0.05142231947483587
28 0.8036105032822758 0.7040481400437636 0.03610503282275715 0.057986870897155283
28 0.6909190371991246 0.7078774617067833 0.04048140043763695 0.061269146608315166
44 0.8413566739606128 0.5410284463894968 0.04157549234135658 0.05142231947483587
44 0.9513129102844639 0.538293216630197 0.042669584245076636 0.05251641137855579
44 0.9573304157549234 0.7029540481400437 0.039387308533916754 0.06236323851203508
44 0.8462800875273524 0.7040481400437636 0.03610503282275701 0.057986870897155283
