33 0.7177619517266411 0.6745597813878687 0.03362757712410087 0.05604596187350154
33 0.8339639126777008 0.6790434583377487 0.03586941559904091 0.06052963882338162
33 0.830974794711114 0.8509177414164861 0.037363974582334404 0.059035079840088114
33 0.7162673927433478 0.8486759029415463 0.03661669509068759 0.0575405208567949
38 0.6676942257863132 0.8385876298043159 0.035122136107394224 0.059782359331734654
38 0.6699360642612533 0.6730652224045752 0.02615478220763393 0.06052963882338148
28 0.6086591459462252 0.836345791329376 0.02764934119092729 0.052309564415267996
28 0.6194946985751021 0.6670869864714019 0.02839662068257411 0.056045961873501395
29 0.5260847621192665 0.8471813439582527 0.031385738649160826 0.05156228492362132
29 0.5380412339856133 0.6738125018962219 0.031385738649160826 0.05305684390691468
39 0.48535802982452203 0.8460604247207829 0.042594931023861166 0.061276918315028156
39 0.46929152075411834 0.6820325763043354 0.03288029763245426 0.05455140289020804
41 0.4151137576097337 0.6685815454546951 0.032133018140807434 0.054551402890208184
41 0.4068936832016201 0.829993915650379 0.038111254073980944 0.059035079840088114
47 0.35794687649876217 0.6700761044379884 0.02989117966586747 0.0575405208567949
47 0.3392648892075951 0.8322357541253191 0.034374856615747545 0.056045961873501395
24 0.27985616962168364 0.8382139900584926 0.032133018140807434 0.05754052085679476
24 0.27313065419686344 0.6715706634212816 0.030638459157514186 0.05305684390691468
37 0.8537668192063379 0.396945450241125 0.04110037204056766 0.061276918315028156
37 0.8556350179354547 0.5721824910322727 0.03885853356562777 0.06650787475655484
37 0.7401803364760418 0.5665778948449226 0.035122136107394224 0.05978235933173479
37 0.7431694544426284 0.40030820795353506 0.035122136107394224 0.056045961873501325
48 0.6949699272314173 0.5587314601826323 0.03885853356562762 0.059035079840088045
48 0.7020690824020608 0.3808789411707214 0.03661669509068759 0.05754052085679483
35 0.6613423501073166 0.3834944193914847 0.03138573864916069 0.058287800348441436
35 0.6628369090906099 0.5520059447578122 0.03437485661574741 0.056045961873501395
23 0.5970763138257015 0.5639624166241591 0.03288029763245404 0.05754052085679483
23 0.6049227484879917 0.3894726553246582 0.02764934119092743 0.05978235933173487
36 0.5466349481395503 0.3846153386289547 0.036616695090687656 0.06052963882338148
36 0.5447667494104336 0.5549950627243989 0.037363974582334196 0.062024197806674904
30 0.4973145016908691 0.5587314601826323 0.035122136107394154 0.05305684390691468
30 0.480874352874642 0.3872308168497181 0.03661669509068744 0.055298682381854716
31 0.4304329871884907 0.3887253758330115 0.03288029763245412 0.052309564415267996
31 0.4031572857433867 0.5576105409451624 0.03362757712410087 0.053804123398561214
43 0.375134304806636 0.37527434498337114 0.03586941559904091 0.05529868238185465
43 0.3560786777696455 0.5437858703496986 0.041100372040567594 0.06800243373984842
51 0.309747349287551 0.5508850255203422 0.035122136107394224 0.05978235933173494
51 0.3276820570870715 0.3782634629499579 0.035122136107394224 0.04932044644868121
49 0.22642568596894563 0.3939563322745383 0.037363974582334265 0.05529868238185465
49 0.26005326309304644 0.5676988140823925 0.043342210515507774 0.062024197806674765
25 0.1815889164701445 0.39283541303706826 0.03288029763245412 0.05156228492362125
25 0.20363366147372175 0.5669515345907459 0.03811125407398098 0.05754052085679476
27 0.11694924044270624 0.5449067895871686 0.0411003720405677 0.05978235933173494
27 0.11582832120523621 0.3719115872709611 0.03586941559904087 0.056045961873501325
20 0.11732288018852959 0.12031199815511631 0.03437485661574749 0.06127691831502817
20 0.1218065571384097 0.2981645171670274 0.037363974582334245 0.06426603628161494
45 0.16589604714556408 0.1270375135799365 0.032880297632454154 0.056793241365148094
45 0.1763579600286177 0.29891179665867407 0.037363974582334265 0.06277147729832158
50 0.23539303986870586 0.1087291660345927 0.03586941559904091 0.059035079840088135
50 0.22381020774818222 0.2865816850465038 0.035122136107394154 0.05455140289020804
40 0.2989117966586741 0.11433376222194283 0.03437485661574751 0.058287800348441436
40 0.29928543640449745 0.2918126414880306 0.03661669509068759 0.05754052085679479
32 0.35832051624458555 0.11694924044270624 0.03960581305727431 0.062024197806674855
32 0.36018871497370225 0.2918126414880306 0.04633132848209442 0.06202419780667494
22 0.39493721133527315 0.11694924044270623 0.035122136107394224 0.05305684390691465
22 0.4169819563388504 0.29255992097967726 0.03586941559904091 0.06202419780667494
44 0.45808232837941804 0.29629631843791077 0.034374856615747476 0.05903507984008815
44 0.45733504888777143 0.12143291739258633 0.037363974582334265 0.059035079840088135
34 0.5010508991491024 0.1094764455262394 0.036616695090687656 0.05903507984008815
34 0.49133626575769557 0.2899444427589139 0.03960581305727423 0.053804123398561395
42 0.5548550225476637 0.28882352352144386 0.04110037204056773 0.059035079840088114
42 0.5574705007684272 0.11171828400117943 0.03885853356562777 0.06052963882338148
46 0.6146373818793986 0.294428119708794 0.03661669509068759 0.058287800348441506
46 0.6101537049295185 0.11807015968017627 0.0336275771241008 0.05679324136514806
26 0.6730652224045752 0.11059736476370943 0.030638459157514005 0.05380412339856134
26 0.6704497441838118 0.29031808250473723 0.03288029763245404 0.05604596187350136
21 0.7324739419904867 0.11358648273029616 0.03437485661574741 0.05978235933173479
21 0.8531595798914263 0.11508104171358953 0.04259493102386102 0.055298682381854716
21 0.8501704619248396 0.2918126414880306 0.04259493102386102 0.06202419780667494
21 0.7313530227530165 0.2899444427589139 0.042594931023861166 0.053804123398561395
