26 0.08668442103101548 0.07771706713125526 0.038858533565627636 0.05828780034844146
26 0.21708469232336206 0.07510158891049185 0.03661669509068755 0.05604596187350139
26 0.22194200901906547 0.27387793368851004 0.032880297632454154 0.054551402890208
26 0.09303629671001229 0.27499885292598014 0.04408949000715442 0.05978235933173487
28 0.2798561696216836 0.2738779336885101 0.03661669509068755 0.062024197806674904
28 0.27537249267180347 0.07883798636872529 0.03960581305727431 0.06052963882338151
24 0.337023050732655 0.08182710433531203 0.03885853356562762 0.06202419780667487
24 0.34337492641165185 0.27462521318015676 0.03811125407398101 0.05903507984008815
47 0.3949372113352731 0.08294802357278205 0.04110037204056766 0.06277147729832155
47 0.39942088828515315 0.27163609521357 0.04110037204056766 0.06351875678996823
35 0.4397739808340742 0.07173883119808178 0.03661669509068759 0.055298682381854716
35 0.45173045270042117 0.257437784872283 0.04259493102386102 0.06650787475655498
48 0.48797350804528533 0.057914160602618094 0.04483676949880106 0.060529638823381485
48 0.5036663773698657 0.2540750271598729 0.040353092548920985 0.05978235933173479
39 0.5608332584808372 0.06239783755249821 0.048573166957034675 0.06800243373984834
39 0.5847462022135311 0.24959135020999285 0.03960581305727431 0.059782359331734834
44 0.6146373818793985 0.060155999077558156 0.03960581305727431 0.0694969927231417
44 0.6329457294247423 0.2503386297016395 0.03885853356562777 0.06576059526490827
37 0.6874971323149504 0.07061791196061175 0.044836769498801346 0.06949699272314172
37 0.6990799644354739 0.258558704109753 0.04110037204056766 0.06725515424820167
20 0.7629723609712655 0.06501331577326161 0.0418476515322142 0.06127691831502816
20 0.7629723609712655 0.2615478220763398 0.03437485661574769 0.059782359331734834
45 0.8283593164903504 0.06389239653579158 0.04408949000715438 0.06501331577326161
45 0.8313484344569372 0.25407502715987296 0.04259493102386088 0.06576059526490831
42 0.905329104129959 0.07136519145225842 0.0470786079737411 0.06202419780667486
42 0.9157910170130126 0.2608005425846931 0.04408949000715438 0.07323339018137517
27 0.919527414471246 0.36593335133778765 0.04259493102386088 0.06501331577326162
27 0.9161646567588357 0.5676988140823925 0.03885853356562762 0.07099155170643506
22 0.8421839870858142 0.3644387923544943 0.04035309254892084 0.056045961873501395
22 0.8440521858149309 0.5632151371325125 0.038111254073980944 0.06650787475655505
43 0.7932371803829562 0.3749007052375478 0.03960581305727431 0.06650787475655498
43 0.796226298349543 0.5684460935740393 0.045584048990447885 0.06800243373984834
25 0.7076736785894107 0.3719115872709611 0.03885853356562762 0.056045961873501395
25 0.7278502248638713 0.5650833358616292 0.04035309254892084 0.06277147729832158
31 0.652374996207556 0.3767689039666645 0.04334221051550763 0.05679324136514808
31 0.6684415052779598 0.5684460935740393 0.035122136107394224 0.06052963882338148
41 0.5881089599259411 0.3801316616790747 0.04633132848209442 0.06351875678996827
41 0.606417307471285 0.570314292303156 0.0411003720405678 0.05978235933173479
38 0.5010508991491024 0.366306991083611 0.0485731669570346 0.06576059526490831
38 0.5283266005942063 0.5613469384033958 0.0448367694988012 0.06725515424820173
51 0.4562141296503012 0.3756479847291945 0.035122136107394224 0.059035079840088184
51 0.46406056431259146 0.5688197333198626 0.040353092548920985 0.06725515424820167
50 0.39456357158944966 0.3838680591373081 0.037363974582334265 0.0605296388233814
50 0.38671713692715953 0.5811498449320329 0.04110037204056766 0.06202419780667505
30 0.326187498103778 0.3700433885418444 0.03811125407398091 0.05978235933173479
30 0.33179209429112816 0.5680724538282159 0.03885853356562759 0.061276918315028156
34 0.2540750271598729 0.37527434498337114 0.04334221051550763 0.06576059526490831
34 0.2578114246181064 0.5718088512864494 0.04932044644868121 0.06277147729832144
21 0.20811733842360183 0.5770398077279761 0.03960581305727434 0.061276918315028156
21 0.07771706713125524 0.582270764169503 0.03885853356562762 0.06277147729832158
21 0.06987063246896506 0.3846153386289547 0.03661669509068756 0.06052963882338148
21 0.201765462744605 0.38013166167907464 0.04334221051550774 0.059035079840088114
23 0.321703821153898 0.6756807006253386 0.04110037204056773 0.06725515424820144
23 0.4573350488877713 0.6779225391002787 0.040353092548921055 0.06277147729832137
23 0.46144508609182794 0.8819298403198235 0.03960581305727423 0.06426603628161487
23 0.3187147031873112 0.8785670826074136 0.04408949000715442 0.06800243373984827
46 0.514875569744566 0.6779225391002788 0.04633132848209442 0.06874971323149495
46 0.5249638428817961 0.8837980390489402 0.045584048990447885 0.07099155170643513
36 0.5959553945882314 0.6846480545250989 0.050067725940327816 0.06874971323149495
36 0.5970763138257014 0.8864135172697039 0.0418476515322142 0.07024427221478831
49 0.67404610146531 0.6839007750334523 0.043342210515507705 0.06277147729832151
49 0.6632105488364332 0.8871607967613505 0.04110037204056752 0.0672551542482016
29 0.7244874671514612 0.6966045263914458 0.042594931023861166 0.06277147729832165
29 0.7129046350309375 0.9017327468484609 0.037363974582334404 0.070991551706435
40 0.7840362269141079 0.6962308866456223 0.04782588746538778 0.0739806696730217
40 0.7840362269141079 0.9006118276109908 0.04035309254892084 0.07323339018137517
32 0.8497968221790163 0.6958572468997991 0.05380412339856136 0.06576059526490852
32 0.8430713067541962 0.8983699891360507 0.055298682381854716 0.07771706713125524
33 0.9163046969355713 0.6853953340167456 0.061276918315028156 0.07771706713125524
33 0.9103264610023978 0.8935126724403472 0.05529868238185486 0.06949699272314164
