49 0.06728665207877463 0.22483588621444203 0.04923413566739605 0.0776805251641138
49 0.08205689277899345 0.47264770240700216 0.061269146608315096 0.08096280087527355
49 0.24179431072210064 0.4633479212253829 0.059080962800875304 0.07986870897155356
25 0.31017505470459517 0.20623632385120352 0.04923413566739608 0.08424507658643325
25 0.47647702407002185 0.19967177242888404 0.05361050328227563 0.07330415754923415
25 0.48413566739606123 0.4436542669584246 0.04704595185995629 0.07986870897155363
25 0.32330415754923414 0.45404814004376365 0.049234135667396116 0.07002188183807441
33 0.5393873085339169 0.2149890590809628 0.054704595185995616 0.07549234135667397
33 0.5454048140043763 0.45951859956236324 0.05798687089715543 0.07658643326039381
33 0.6974835886214441 0.4545951859956236 0.07111597374179425 0.08424507658643328
33 0.7029540481400437 0.21444201312910283 0.05361050328227563 0.08752735229759295
30 0.7806345733041575 0.19365426695842453 0.06017505470459511 0.07658643326039384
30 0.9567833698030634 0.19803063457330417 0.06017505470459511 0.08096280087527355
30 0.9474835886214441 0.4442013129102844 0.05032822757111603 0.0853391684901532
30 0.775711159737418 0.4431072210065646 0.048140043763676206 0.07877461706783365
39 0.05798687089715537 0.5804157549234136 0.05470459518599563 0.0754923413566739
39 0.0650984682713348 0.8112691466083152 0.05361050328227571 0.08424507658643321
39 0.22210065645514224 0.8178336980306347 0.05032822757111596 0.08862144420131286
39 0.2166301969365427 0.5831509846827134 0.050328227571116 0.08096280087527347
28 0.28227571115973743 0.5585339168490153 0.0459518599562363 0.08862144420131286
28 0.4529540481400437 0.5563457330415755 0.0459518599562363 0.07111597374179425
28 0.45733041575492345 0.7959518599562364 0.05251641137855586 0.0754923413566739
28 0.29157549234135666 0.7975929978118163 0.05142231947483587 0.08096280087527347
38 0.5289934354485777 0.5541575492341356 0.04485776805251639 0.07111597374179425
38 0.6909190371991246 0.5552516411378555 0.06017505470459511 0.07111597374179425
38 0.6931072210065645 0.7943107221006565 0.051422319474835804 0.08096280087527362
38 0.5295404814004376 0.788293216630197 0.05032822757111582 0.08205689277899353
47 0.7724288840262582 0.5328227571115974 0.05032822757111589 0.07658643326039388
47 0.9376367614879649 0.5404814004376368 0.07002188183807434 0.08096280087527355
47 0.9338074398249452 0.7811816192560176 0.053610503282275915 0.07877461706783379
47 0.776258205689278 0.7675054704595187 0.06236323851203508 0.08205689277899353
