46 0.060175054704595186 0.17888402625820568 0.04814004376367615 0.07768052516411378
46 0.21280087527352298 0.17341356673960612 0.0536105032822757 0.07330415754923413
46 0.23358862144420128 0.3982494529540482 0.047045951859956255 0.07658643326039388
46 0.08041575492341357 0.4119256017505471 0.05798687089715535 0.07549234135667397
29 0.2899343544857768 0.1586433260393873 0.043763676148796476 0.07221006564551423
29 0.449124726477024 0.15043763676148797 0.04485776805251639 0.07986870897155361
29 0.4644420131291028 0.3796498905908096 0.04485776805251639 0.07877461706783365
29 0.3107221006564551 0.39113785557986874 0.05251641137855586 0.07549234135667397
50 0.5470459518599563 0.17669584245076586 0.04595185995623645 0.0711159737417943
50 0.549781181619256 0.4080962800875274 0.04266958424507657 0.08315098468271337
50 0.7024070021881837 0.174507658643326 0.052516411378555714 0.07330415754923413
50 0.7067833698030634 0.40317286652078776 0.04814004376367606 0.07330415754923415
33 0.7658643326039387 0.17778993435448576 0.045951859956236234 0.07330415754923413
33 0.9283369803063458 0.17560175054704594 0.049234135667396116 0.07768052516411378
33 0.7669584245076586 0.40481400437636755 0.03938730853391689 0.07221006564551423
33 0.9201312910284465 0.4080962800875274 0.05032822757111603 0.07221006564551423
21 0.07986870897155361 0.526258205689278 0.04595185995623633 0.07439824945295413
21 0.23577680525164113 0.5235229759299781 0.04923413566739608 0.07330415754923415
21 0.09682713347921226 0.7554704595185996 0.05579868708971554 0.0798687089715537
21 0.24945295404814005 0.7478118161925602 0.05251641137855579 0.0798687089715537
42 0.31838074398249455 0.5142231947483589 0.04595185995623638 0.07221006564551423
42 0.4704595185995623 0.5065645514223195 0.05908096280087527 0.07658643326039388
42 0.487417943107221 0.7275711159737418 0.04704595185995622 0.074398249452954
42 0.3353391684901531 0.7390590809628008 0.05142231947483587 0.0798687089715537
45 0.5486870897155361 0.5071115973741794 0.04485776805251639 0.0776805251641138
45 0.7029540481400437 0.5016411378555798 0.049234135667396116 0.07549234135667397
45 0.7089715536105032 0.7226477024070022 0.048140043763676206 0.07330415754923422
45 0.5596280087527352 0.7308533916849015 0.04923413566739598 0.07658643326039397
23 0.7806345733041575 0.5027352297592997 0.04485776805251632 0.07549234135667404
23 0.9387308533916848 0.5021881838074398 0.045951859956236234 0.08096280087527355
23 0.9305251641137856 0.7308533916849015 0.04485776805251646 0.07439824945295413
23 0.775711159737418 0.7292122538293216 0.05470459518599555 0.08205689277899339
