43 0.056345733041575495 0.21772428884026257 0.04923413566739607 0.08315098468271337
43 0.2210065645514223 0.2264770240700219 0.06345733041575492 0.08752735229759302
43 0.06455142231947483 0.46772428884026257 0.05908096280087527 0.08424507658643321
43 0.2264770240700219 0.47264770240700216 0.0459518599562363 0.0853391684901532
24 0.2839168490153173 0.20568927789934358 0.055798687089715526 0.08533916849015316
24 0.45623632385120344 0.2160831509846827 0.05032822757111596 0.08205689277899346
24 0.4485776805251641 0.4649890590809628 0.05032822757111603 0.0853391684901532
24 0.2822757111597374 0.45897155361050324 0.05470459518599565 0.0776805251641138
41 0.5109409190371992 0.2078774617067834 0.05689277899343544 0.08096280087527351
41 0.6805251641137856 0.20568927789934352 0.05908096280087534 0.07877461706783372
41 0.6843544857768054 0.45076586433260396 0.05142231947483594 0.07877461706783365
41 0.5207877461706784 0.45350109409190376 0.054704595185995686 0.08424507658643321
29 0.7691466083150985 0.19474835886214442 0.04595185995623638 0.08096280087527351
29 0.9392778993435448 0.19201312910284465 0.06017505470459511 0.08424507658643324
29 0.9376367614879649 0.4463894967177243 0.05032822757111589 0.08752735229759295
29 0.7647702407002188 0.4463894967177243 0.05689277899343551 0.08533916849015313
34 0.03993435448577681 0.5694748358862145 0.05579868708971555 0.08205689277899339
34 0.06291028446389496 0.8161925601750548 0.060175054704595186 0.0831509846827133
34 0.2188183807439825 0.8052516411378556 0.05689277899343544 0.08533916849015313
34 0.20240700218818383 0.5661925601750547 0.05470459518599565 0.08424507658643336
31 0.27899343544857763 0.5612691466083152 0.05470459518599565 0.07877461706783372
31 0.44365426695842447 0.5601750547045952 0.055798687089715526 0.07221006564551423
31 0.45568927789934355 0.8025164113785559 0.049234135667396116 0.08205689277899339
31 0.2910284463894967 0.8041575492341357 0.050328227571116 0.07658643326039397
44 0.5164113785557987 0.5432166301969366 0.05251641137855586 0.07549234135667397
44 0.6745076586433261 0.5333698030634574 0.07111597374179439 0.07330415754923422
44 0.6920131291028446 0.7784463894967177 0.05361050328227577 0.0754923413566739
44 0.5273522975929978 0.7817286652078775 0.06345733041575492 0.07768052516411388
22 0.7685995623632386 0.801969365426696 0.05142231947483594 0.08533916849015313
22 0.7768052516411379 0.5541575492341357 0.05470459518599555 0.08205689277899346
22 0.9491247264770242 0.5557986870897156 0.05142231947483594 0.07658643326039397
22 0.9403719912472647 0.8041575492341357 0.04704595185995615 0.07877461706783365
