40 0.08058803887578506 0.2609409190371991 0.10163332291341044 0.14989059080962797
40 0.1770883656824576 0.7549234135667396 0.11600571201227655 0.16630196936542674
43 0.2587030037795902 0.7133479212253829 0.08623433459319674 0.16849015317286636
43 0.26486259910767573 0.21881838074398247 0.08623433459319678 0.15317286652078774
44 0.3582831282503055 0.24945295404814005 0.07596834237972089 0.15317286652078776
44 0.3639294239677172 0.7483588621444202 0.08931413225723947 0.15973741794310725
38 0.46042975077438975 0.6942013129102844 0.11600571201227666 0.1542669584245077
38 0.755577026911819 0.7658643326039387 0.08828753303589182 0.15754923413566743
38 0.878255633862855 0.275164113785558 0.12011210889766702 0.16083150984682718
38 0.5748955639546449 0.2084245076586433 0.09444712836397741 0.16520787746170676
