50 0.08916849015317287 0.22757111597374177 0.038293216630196934 0.06783369803063455
50 0.24179431072210064 0.2111597374179431 0.04376367614879651 0.07221006564551423
50 0.26914660831509846 0.4387308533916849 0.043763676148796476 0.06783369803063465
50 0.11652078774617067 0.4567833698030634 0.05579868708971555 0.06673960612691467
35 0.3057986870897155 0.21717724288840262 0.042669584245076636 0.0754923413566739
35 0.33479212253829327 0.4447483588621444 0.06783369803063455 0.07768052516411388
35 0.47647702407002185 0.42997811816192566 0.05798687089715535 0.0853391684901532
35 0.4556892778993435 0.21280087527352298 0.060175054704595186 0.0908096280087527
20 0.537199124726477 0.18654266958424506 0.05251641137855593 0.07549234135667396
20 0.6931072210065645 0.1810722100656455 0.0557986870897156 0.0776805251641138
20 0.7029540481400437 0.4080962800875274 0.04485776805251632 0.08096280087527355
20 0.5470459518599562 0.4141137855579869 0.056892778993435374 0.07549234135667397
48 0.7647702407002188 0.18271334792122537 0.05251641137855586 0.0787746170678337
48 0.9212253829321662 0.1799781181619256 0.0590809628008752 0.0689277899343545
48 0.9316192560175054 0.40754923413566746 0.051422319474835804 0.0689277899343545
48 0.7773522975929978 0.4119256017505471 0.051422319474835804 0.07549234135667397
27 0.12308533916849015 0.5454048140043763 0.047045951859956255 0.0754923413566739
27 0.14934354485776807 0.7685995623632386 0.0601750547045952 0.07549234135667404
27 0.30306345733041573 0.7549234135667396 0.04814004376367617 0.074398249452954
27 0.2789934354485777 0.5317286652078775 0.050328227571116 0.06783369803063458
37 0.350109409190372 0.5311816192560176 0.05251641137855579 0.0689277899343545
37 0.49835886214442016 0.5278993435448578 0.04923413566739598 0.0776805251641138
37 0.5087527352297593 0.7467177242888403 0.04814004376367613 0.0798687089715537
37 0.36433260393873085 0.7483588621444202 0.05689277899343551 0.07877461706783379
51 0.549781181619256 0.5175054704595187 0.04704595185995622 0.07877461706783379
51 0.700218818380744 0.5049234135667396 0.05032822757111589 0.07549234135667404
51 0.712800875273523 0.7275711159737418 0.05142231947483594 0.08752735229759295
51 0.5612691466083152 0.7390590809628008 0.05032822757111596 0.07549234135667404
46 0.7664113785557987 0.5021881838074398 0.05142231947483594 0.08533916849015313
46 0.9250547045951859 0.4989059080962801 0.06892778993435442 0.07439824945295406
46 0.9349015317286651 0.7210065645514223 0.04704595185995615 0.08096280087527347
46 0.788840262582057 0.7297592997811816 0.056892778993435374 0.0722100656455143
