33 0.17768384418614025 0.8085339168490154 0.12844615242371585 0.17286652078774623
33 0.09686980661955236 0.3145514223194749 0.1145311525778133 0.163019693654267
45 0.20818980538677276 0.24781181619256018 0.11239038337075137 0.16083150984682715
45 0.26170903556332104 0.7527352297593 0.11024961416368946 0.15754923413566746
46 0.3821273034605547 0.6706783369803064 0.10061615273191073 0.1531728665207877
46 0.5169957635054563 0.18326039387308538 0.09419384511072494 0.1477024070021882
34 0.4372521105423994 0.75 0.1145311525778132 0.16958424507658648
34 0.7508747993769722 0.8490153172866521 0.11024961416368953 0.17724288840262603
34 0.8927007593448251 0.3539387308533917 0.12416461400959207 0.16301969365426688
34 0.5849651858296725 0.26805251641137856 0.09740499892131779 0.15098468271334792
