23 0.05798687089715537 0.175054704595186 0.05470459518599563 0.08533916849015316
23 0.23413566739606126 0.42122538293216627 0.052516411378555825 0.08533916849015313
23 0.06947483588621445 0.4294310722100657 0.05798687089715537 0.07330415754923415
25 0.2970459518599562 0.17614879649890589 0.04923413566739601 0.08533916849015316
25 0.2948577680525164 0.42505470459518596 0.04704595185995622 0.07986870897155356
25 0.46608315098468267 0.43052516411378555 0.05032822757111596 0.0908096280087527
25 0.46608315098468267 0.17778993435448576 0.04814004376367613 0.07768052516411376
43 0.5240700218818382 0.175054704595186 0.05032822757111603 0.08533916849015316
43 0.6925601750547047 0.1799781181619256 0.06345733041575499 0.08424507658643327
43 0.6903719912472647 0.4321663019693655 0.05251641137855586 0.08315098468271337
43 0.5229759299781181 0.42943107221006566 0.05032822757111603 0.08424507658643321
32 0.7603938730853392 0.1838074398249453 0.054704595185995686 0.08971553610503279
32 0.7510940919037199 0.4294310722100657 0.05142231947483594 0.07986870897155363
32 0.9190371991247264 0.4294310722100657 0.0590809628008752 0.08862144420131295
22 0.060175054704595186 0.5322757111597375 0.03938730853391685 0.0929978118161926
22 0.23304157549234134 0.537746170678337 0.05032822757111596 0.0754923413566739
22 0.2363238512035011 0.7844638949671773 0.054704595185995616 0.08096280087527347
22 0.06783369803063458 0.7850109409190372 0.05032822757111597 0.07768052516411374
47 0.2948577680525164 0.5284463894967177 0.05361050328227563 0.08096280087527347
47 0.4556892778993435 0.5224288840262582 0.06455142231947483 0.07986870897155356
47 0.4606126914660831 0.7669584245076586 0.054704595185995616 0.08096280087527362
47 0.30306345733041573 0.7680525164113786 0.059080962800875235 0.07439824945295413
27 0.5207877461706784 0.5213347921225383 0.05032822757111596 0.08643326039387311
27 0.6898249452954047 0.5191466083150985 0.04704595185995615 0.07330415754923422
27 0.6859956236323852 0.7685995623632386 0.05032822757111603 0.0798687089715537
27 0.5196936542669585 0.7642231947483589 0.05032822757111596 0.07768052516411374
21 0.7571115973741794 0.5207877461706784 0.048140043763676206 0.07002188183807448
21 0.9234135667396062 0.5196936542669585 0.05908096280087534 0.08096280087527355
21 0.924507658643326 0.7680525164113786 0.048140043763676206 0.08752735229759281
21 0.7549234135667396 0.7669584245076586 0.048140043763676206 0.07658643326039397
