36 0.06400437636761488 0.22921225382932167 0.04923413566739605 0.0776805251641138
36 0.21389496717724288 0.22538293216630198 0.05142231947483587 0.07002188183807441
36 0.22100656455142229 0.45240700218818375 0.04376367614879651 0.07330415754923415
36 0.06947483588621445 0.4518599562363238 0.04266958424507658 0.07877461706783372
34 0.28884026258205686 0.2210065645514223 0.04595185995623634 0.07877461706783372
34 0.2959518599562363 0.4529540481400438 0.040481400437636775 0.07002188183807434
34 0.4403719912472647 0.22374179431072208 0.055798687089715526 0.07768052516411376
34 0.44693654266958416 0.4474835886214443 0.049234135667396046 0.07221006564551423
40 0.5404814004376367 0.22264770240700218 0.04157549234135658 0.07549234135667397
40 0.6958424507658643 0.22155361050328223 0.05032822757111603 0.07330415754923411
40 0.6920131291028446 0.44967177242888395 0.04923413566739598 0.08096280087527355
40 0.5421225382932167 0.44967177242888395 0.05361050328227563 0.07221006564551423
29 0.7729759299781181 0.23085339168490154 0.042669584245076636 0.08096280087527355
29 0.9316192560175054 0.23796498905908098 0.04704595185995615 0.07330415754923415
29 0.7603938730853392 0.45787746170678334 0.04595185995623638 0.0776805251641138
29 0.9206783369803062 0.46717724288840257 0.04266958424507649 0.07877461706783372
31 0.07385120350109409 0.5579868708971553 0.04048140043763676 0.06783369803063458
31 0.23304157549234134 0.5607221006564552 0.04595185995623634 0.0689277899343545
31 0.22483588621444203 0.7910284463894968 0.04266958424507657 0.07658643326039397
31 0.06181619256017505 0.7850109409190372 0.0536105032822757 0.07549234135667404
28 0.30087527352297594 0.5404814004376367 0.03938730853391689 0.07439824945295413
28 0.45459518599562365 0.5404814004376368 0.05142231947483594 0.07221006564551409
28 0.45568927789934355 0.7729759299781181 0.049234135667396116 0.06673960612691474
28 0.30087527352297594 0.7696936542669585 0.0459518599562363 0.06892778993435442
26 0.525711159737418 0.7861050328227571 0.04048140043763673 0.0754923413566739
26 0.525711159737418 0.550328227571116 0.03610503282275708 0.07439824945295406
26 0.6859956236323851 0.5552516411378555 0.043763676148796546 0.0667396061269146
26 0.6827133479212254 0.7861050328227571 0.04157549234135672 0.0754923413566739
22 0.7587527352297593 0.5678336980306345 0.04485776805251646 0.07002188183807441
22 0.9223194748358862 0.5738512035010942 0.039387308533916754 0.06673960612691467
22 0.9206783369803062 0.8052516411378556 0.04485776805251632 0.07002188183807434
22 0.7582056892778993 0.8036105032822758 0.043763676148796546 0.0754923413566739
