31 0.06181619256017505 0.2275711159737418 0.049234135667396046 0.07877461706783372
31 0.1991247264770241 0.22592997811816193 0.04376367614879651 0.06673960612691467
31 0.20350109409190373 0.4201312910284464 0.03938730853391686 0.074398249452954
31 0.0711159737417943 0.4277899343544858 0.04157549234135667 0.06345733041575492
39 0.25218818380743985 0.22975929978118162 0.040481400437636775 0.06783369803063458
39 0.3823851203501094 0.2319474835886214 0.04485776805251639 0.06783369803063455
39 0.38730853391684905 0.42286652078774617 0.043763676148796476 0.0754923413566739
39 0.25711159737417943 0.4234135667396062 0.03938730853391686 0.07002188183807441
44 0.4436542669584245 0.2264770240700219 0.03829321663019698 0.06564551422319476
44 0.5700218818380745 0.22811816192560172 0.04157549234135658 0.07549234135667394
44 0.575492341356674 0.4184901531728666 0.037199124726477 0.06455142231947483
44 0.4442013129102845 0.4239606126914661 0.043763676148796546 0.06236323851203501
27 0.6258205689277899 0.23358862144420134 0.03938730853391689 0.07549234135667397
27 0.7620350109409191 0.2346827133479212 0.03829321663019698 0.06455142231947487
27 0.6269146608315098 0.43599562363238503 0.048140043763676206 0.0689277899343545
27 0.7603938730853392 0.4283369803063457 0.037199124726477066 0.07330415754923408
43 0.8178336980306345 0.23468271334792123 0.042669584245076636 0.07330415754923415
43 0.9535010940919036 0.24179431072210067 0.05142231947483594 0.07221006564551423
43 0.9431072210065645 0.4349015317286652 0.04157549234135672 0.07111597374179425
43 0.8112691466083152 0.42888402625820576 0.051422319474835804 0.06564551422319476
49 0.06728665207877463 0.5038293216630197 0.036105032822757115 0.06892778993435442
49 0.2040481400437637 0.5087527352297593 0.040481400437636775 0.06345733041575492
49 0.1991247264770241 0.7056892778993435 0.03938730853391682 0.07221006564551416
49 0.06455142231947483 0.7035010940919036 0.0525164113785558 0.07002188183807434
47 0.26531728665207877 0.7045951859956235 0.05142231947483587 0.07221006564551416
47 0.2527352297592998 0.513129102844639 0.03938730853391682 0.07002188183807448
47 0.38293216630196936 0.5147702407002188 0.04814004376367613 0.07330415754923415
47 0.38730853391684905 0.7040481400437636 0.05032822757111589 0.07111597374179425
33 0.43544857768052525 0.6991247264770241 0.04157549234135665 0.07002188183807448
33 0.43599562363238514 0.5027352297592997 0.05361050328227577 0.07768052516411388
33 0.5656455142231948 0.5043763676148797 0.05032822757111589 0.06783369803063458
33 0.5612691466083151 0.6920131291028446 0.0459518599562363 0.08205689277899339
28 0.6230853391684902 0.5016411378555798 0.03829321663019698 0.06455142231947483
28 0.7549234135667396 0.5032822757111597 0.04157549234135658 0.06345733041575499
28 0.7521881838074398 0.7024070021881837 0.04048140043763681 0.0678336980306345
28 0.6170678336980306 0.6958424507658643 0.04814004376367613 0.07221006564551416
36 0.8112691466083152 0.6920131291028446 0.04704595185995629 0.07111597374179425
36 0.8167396061269148 0.5038293216630196 0.042669584245076636 0.07111597374179425
36 0.9513129102844639 0.5043763676148797 0.03829321663019684 0.05908096280087534
36 0.9420131291028447 0.6969365426695842 0.037199124726477066 0.07221006564551416
