35 0.0711159737417943 0.18052516411378555 0.056892778993435436 0.0787746170678337
35 0.08205689277899345 0.42177242888402633 0.05689277899343545 0.08862144420131295
35 0.24452954048140044 0.4206783369803064 0.047045951859956255 0.0776805251641138
35 0.2363238512035011 0.18052516411378555 0.054704595185995616 0.08315098468271334
34 0.3068927789934354 0.17067833698030632 0.06017505470459522 0.087527352297593
34 0.47757111597374174 0.175054704595186 0.055798687089715526 0.07877461706783367
34 0.4633479212253829 0.42122538293216627 0.04704595185995622 0.10065645514223193
34 0.29814004376367614 0.42177242888402633 0.04704595185995615 0.07986870897155363
51 0.5295404814004376 0.1723194748358862 0.05032822757111582 0.0711159737417943
51 0.6958424507658643 0.17177242888402625 0.052516411378555714 0.08096280087527352
51 0.6947483588621444 0.4239606126914661 0.056892778993435374 0.08424507658643328
51 0.525164113785558 0.4234135667396061 0.05032822757111596 0.074398249452954
24 0.7642231947483589 0.16466083150984684 0.04485776805251646 0.08862144420131295
24 0.9398249452954047 0.1663019693654267 0.056892778993435374 0.07877461706783372
24 0.9338074398249452 0.4223194748358862 0.05579868708971546 0.08533916849015313
24 0.7565645514223195 0.42122538293216627 0.04048140043763681 0.07221006564551416
37 0.04814004376367615 0.5508752735229759 0.052516411378555804 0.08424507658643328
37 0.20897155361050326 0.5541575492341357 0.061269146608315096 0.08205689277899346
37 0.21225382932166303 0.7992341356673961 0.052516411378555825 0.08205689277899339
37 0.051422319474835894 0.7959518599562364 0.05908096280087528 0.08424507658643321
26 0.27954048140043763 0.5284463894967177 0.0536105032822757 0.07877461706783372
26 0.287199124726477 0.7795404814004376 0.04923413566739608 0.07986870897155356
26 0.45185995623632386 0.5289934354485777 0.05032822757111603 0.0776805251641138
26 0.4529540481400437 0.7817286652078775 0.0459518599562363 0.07768052516411388
38 0.5114879649890591 0.5240700218818382 0.0536105032822757 0.08096280087527347
38 0.6783369803063457 0.5295404814004376 0.052516411378555714 0.08096280087527362
38 0.6766958424507657 0.7778993435448578 0.053610503282275915 0.07877461706783365
38 0.5098468271334792 0.7713347921225383 0.05032822757111603 0.08315098468271344
29 0.74945295404814 0.5065645514223195 0.043763676148796546 0.08315098468271344
29 0.9256017505470459 0.5147702407002188 0.06345733041575485 0.08643326039387311
29 0.9266958424507657 0.7696936542669585 0.052516411378556 0.09518599562363235
29 0.7489059080962801 0.7642231947483589 0.07111597374179439 0.08205689277899353
