34 0.08041575492341355 0.26422319474835887 0.03829321663019693 0.06673960612691467
34 0.09135667396061269 0.45623632385120344 0.05579868708971555 0.06783369803063458
34 0.21061269146608314 0.4513129102844639 0.049234135667396046 0.0667396061269146
34 0.20842450765864334 0.2631291028446389 0.04923413566739608 0.06236323851203501
27 0.26805251641137856 0.25601750547045954 0.04376367614879651 0.07002188183807437
27 0.26914660831509846 0.4452954048140043 0.043763676148796476 0.06564551422319476
27 0.3966083150984683 0.450218818380744 0.03391684901531725 0.06455142231947476
45 0.44201312910284457 0.25984682713347923 0.0459518599562363 0.07111597374179429
45 0.5689277899343544 0.2576586433260394 0.05470459518599555 0.06455142231947483
45 0.5798687089715536 0.4447483588621444 0.045951859956236234 0.06017505470459511
45 0.4551422319474836 0.4485776805251641 0.05032822757111603 0.06345733041575499
43 0.6274617067833698 0.25875273522975933 0.04048140043763673 0.07330415754923411
43 0.75054704595186 0.2554704595185996 0.043763676148796546 0.0645514223194748
43 0.7598468271334792 0.4381838074398249 0.04485776805251632 0.06455142231947483
43 0.6362144420131292 0.4447483588621444 0.04704595185995629 0.06455142231947492
36 0.8008752735229759 0.2549234135667396 0.04814004376367606 0.07439824945295402
36 0.9256017505470459 0.24288840262582057 0.05032822757111603 0.07439824945295402
36 0.9425601750547046 0.4283369803063457 0.0557986870897156 0.06455142231947476
36 0.812910284463895 0.43763676148796504 0.04595185995623652 0.07002188183807441
40 0.8293216630196938 0.5065645514223195 0.045951859956236234 0.061269146608315096
40 0.9584245076586433 0.5021881838074398 0.043763676148796546 0.06345733041575499
40 0.961159737417943 0.6947483588621444 0.04485776805251632 0.07002188183807434
40 0.8304157549234137 0.6947483588621444 0.045951859956236234 0.061269146608315166
39 0.6373085339168489 0.5175054704595187 0.040481400437636664 0.06564551422319476
39 0.6405908096280087 0.7007658643326039 0.0557986870897156 0.06892778993435442
39 0.7680525164113786 0.7040481400437636 0.04376367614879641 0.06673960612691474
39 0.762582056892779 0.5169584245076586 0.039387308533916754 0.07330415754923408
31 0.4425601750547045 0.5278993435448578 0.04485776805251639 0.07330415754923415
31 0.5716630196936543 0.525711159737418 0.04485776805251639 0.06455142231947483
31 0.585886214442013 0.7133479212253829 0.038293216630196907 0.06783369803063465
31 0.45733041575492345 0.7215536105032823 0.05251641137855586 0.06892778993435457
20 0.26531728665207877 0.5350109409190372 0.036105032822757115 0.07002188183807448
20 0.3944201312910285 0.5328227571115974 0.04048140043763681 0.061269146608315166
20 0.39770240700218823 0.7226477024070022 0.04266958424507657 0.07111597374179439
20 0.2685995623632385 0.7270240700218819 0.0426695842450766 0.06892778993435457
44 0.07549234135667397 0.5393873085339169 0.05470459518599563 0.06783369803063458
44 0.20240700218818383 0.5306345733041575 0.050328227571116 0.05908096280087527
44 0.21717724288840265 0.7210065645514223 0.04923413566739608 0.06126914660831503
44 0.0886214442013129 0.7275711159737418 0.052516411378555804 0.0722100656455143
