31 0.04978118161925602 0.2806345733041576 0.036105032822757115 0.06017505470459522
31 0.05415754923413567 0.45131291028446385 0.03829321663019694 0.0536105032822757
31 0.16849015317286653 0.2839168490153173 0.03938730853391684 0.055798687089715526
31 0.16794310722100658 0.4507658643326039 0.03172866520787745 0.061269146608315096
48 0.21170678336980306 0.27571115973741794 0.03391684901531725 0.054704595185995616
48 0.3260393873085339 0.27680525164113784 0.032822757111597343 0.05689277899343544
48 0.32330415754923414 0.44693654266958427 0.03610503282275715 0.060175054704595256
48 0.20842450765864334 0.44693654266958427 0.036105032822757115 0.060175054704595256
41 0.36706783369803064 0.2833698030634574 0.03610503282275715 0.05470459518599565
41 0.3665207877461707 0.44967177242888395 0.04157549234135672 0.05908096280087527
41 0.47538293216630195 0.28829321663019697 0.04048140043763673 0.055798687089715526
41 0.474835886214442 0.4507658643326039 0.03501094091903724 0.05689277899343544
28 0.5147702407002188 0.28501094091903717 0.03172866520787743 0.06017505470459522
28 0.6269146608315098 0.2839168490153173 0.03282275711159727 0.057986870897155394
28 0.6269146608315098 0.4518599562363238 0.03282275711159727 0.05908096280087527
28 0.5136761487964989 0.4518599562363238 0.027352297592997843 0.054704595185995616
37 0.6723194748358862 0.2685995623632385 0.040481400437636664 0.06236323851203505
37 0.7817286652078775 0.26969365426695846 0.04266958424507649 0.06017505470459522
37 0.6766958424507657 0.43763676148796493 0.04266958424507649 0.06564551422319476
37 0.7866520787746171 0.4392778993435449 0.037199124726477066 0.06455142231947476
43 0.8293216630196936 0.26531728665207877 0.037199124726477066 0.05798687089715532
43 0.9463894967177242 0.26695842450765866 0.045951859956236234 0.06783369803063458
43 0.838074398249453 0.4327133479212253 0.03938730853391689 0.055798687089715526
43 0.9535010940919036 0.42943107221006555 0.040481400437636664 0.055798687089715526
21 0.04978118161925602 0.5092997811816192 0.036105032822757115 0.05361050328227577
21 0.16684901531728663 0.5158643326039387 0.0426695842450766 0.05361050328227577
21 0.045951859956236324 0.6777899343544856 0.045951859956236324 0.06236323851203494
21 0.16301969365426694 0.6805251641137855 0.030634573304157548 0.06126914660831531
36 0.212800875273523 0.5147702407002188 0.036105032822757115 0.05798687089715535
36 0.2106126914660832 0.6788840262582057 0.040481400437636775 0.0667396061269146
36 0.32494529540481404 0.5196936542669585 0.035010940919037135 0.05689277899343551
36 0.3194748358862144 0.6794310722100656 0.032822757111597343 0.06564551422319469
40 0.3659737417943107 0.5169584245076586 0.03610503282275708 0.05798687089715535
40 0.47757111597374174 0.5196936542669585 0.04048140043763681 0.05689277899343551
40 0.36706783369803064 0.6827133479212253 0.038293216630196907 0.0590809628008752
40 0.47538293216630195 0.6876367614879649 0.04048140043763673 0.06236323851203494
32 0.5207877461706784 0.5180525164113786 0.03282275711159727 0.06673960612691467
32 0.5235229759299781 0.6805251641137855 0.04485776805251639 0.07658643326039381
32 0.6291028446389497 0.5180525164113786 0.05032822757111603 0.06455142231947483
32 0.6296498905908097 0.6766958424507657 0.04704595185995629 0.06236323851203494
49 0.6821663019693653 0.5109409190371992 0.03829321663019684 0.05689277899343544
49 0.7910284463894968 0.5021881838074398 0.05032822757111589 0.056892778993435374
49 0.801969365426696 0.6679431072210065 0.035010940919037094 0.06236323851203494
49 0.687089715536105 0.6717724288840263 0.03719912472647693 0.061269146608315166
46 0.8413566739606128 0.5010940919037199 0.03719912472647693 0.05908096280087527
46 0.949671772428884 0.4989059080962801 0.04157549234135672 0.05908096280087527
46 0.8451859956236324 0.6679431072210065 0.04048140043763681 0.06455142231947483
46 0.9600656455142231 0.6684901531728664 0.04485776805251632 0.06345733041575485
