23 0.06838074398249454 0.31838074398249455 0.03391684901531729 0.05689277899343541
23 0.07986870897155361 0.48577680525164113 0.03063457330415756 0.054704595185995616
23 0.1952954048140044 0.4852297592997812 0.027352297592997843 0.049234135667396046
23 0.18544857768052517 0.3200218818380744 0.031728665207877496 0.049234135667396116
34 0.2286652078774617 0.3227571115973742 0.030634573304157548 0.050328227571116
34 0.33862144420131285 0.3216630196936543 0.0339168490153174 0.05251641137855586
34 0.34299781181619254 0.487417943107221 0.042669584245076636 0.05142231947483587
34 0.23687089715536103 0.4923413566739606 0.03610503282275708 0.05032822757111596
32 0.3851203501094092 0.3189277899343545 0.032822757111597343 0.057986870897155394
32 0.4961706783369803 0.31892778993435444 0.03391684901531732 0.055798687089715526
32 0.49671772428884026 0.4814004376367615 0.037199124726477066 0.05251641137855579
32 0.38840262582056895 0.48577680525164113 0.030634573304157583 0.05251641137855579
26 0.5361050328227571 0.3156455142231947 0.028446389496717687 0.055798687089715526
26 0.537746170678337 0.48194748358862144 0.027352297592997843 0.049234135667396116
26 0.6493435448577681 0.31455142231947486 0.025164113785558016 0.04704595185995629
26 0.6493435448577679 0.4814004376367615 0.03172866520787736 0.056892778993435374
50 0.6838074398249452 0.3068927789934354 0.03282275711159727 0.04923413566739608
50 0.7954048140043765 0.2986870897155361 0.03063457330415744 0.050328227571116
50 0.8030634573304158 0.4666301969365426 0.03501094091903724 0.055798687089715526
50 0.6876367614879649 0.47155361050328226 0.03391684901531732 0.05032822757111596
20 0.8358862144420133 0.30470459518599563 0.03063457330415744 0.05579868708971549
20 0.9551422319474835 0.3014223194748359 0.03282275711159727 0.04704595185995615
20 0.9595185995623632 0.4644420131291028 0.030634573304157725 0.060175054704595186
20 0.8446389496717724 0.47319474835886216 0.03282275711159741 0.05579868708971561
30 0.07822757111597374 0.5481400437636762 0.03391684901531729 0.05251641137855579
30 0.07822757111597374 0.7133479212253829 0.029540481400437635 0.06564551422319469
30 0.19420131291028447 0.5475929978118163 0.029540481400437635 0.05142231947483587
30 0.19420131291028447 0.7106126914660831 0.03391684901531729 0.057986870897155283
38 0.23140043763676146 0.5530634573304158 0.036105032822757115 0.0536105032822757
38 0.34409190371991244 0.5519693654266958 0.03829321663019698 0.05361050328227577
38 0.34245076586433265 0.7122538293216629 0.03282275711159741 0.054704595185995686
38 0.23632385120350108 0.711159737417943 0.037199124726477 0.05470459518599555
21 0.38566739606126915 0.5503282275711159 0.03610503282275715 0.05251641137855579
21 0.4972647702407002 0.550328227571116 0.031728665207877496 0.05689277899343544
21 0.49781181619256015 0.7133479212253829 0.03501094091903717 0.05689277899343551
21 0.38676148796498905 0.7138949671772429 0.03610503282275708 0.051422319474835804
51 0.5328227571115974 0.5536105032822757 0.03501094091903717 0.05689277899343544
51 0.6433260393873086 0.548140043763676 0.03501094091903724 0.0503282275711159
51 0.6466083150984683 0.7089715536105032 0.03938730853391689 0.05470459518599555
33 0.6854485776805251 0.5525164113785559 0.03829321663019684 0.05251641137855579
33 0.7937636761487965 0.5459518599562363 0.033916849015317184 0.05689277899343551
33 0.7981400437636762 0.7062363238512035 0.03610503282275701 0.06017505470459511
33 0.6887308533916848 0.7133479212253829 0.040481400437636664 0.054704595185995686
47 0.8315098468271336 0.5475929978118163 0.035010940919037094 0.0536105032822757
47 0.9409190371991246 0.5459518599562362 0.05032822757111589 0.05908096280087527
47 0.9518599562363238 0.7051422319474835 0.04157549234135658 0.06236323851203494
47 0.8424507658643328 0.710065645514223 0.03938730853391689 0.05908096280087534
