21 0.10557986870897156 0.2363238512035011 0.04704595185995622 0.07658643326039388
21 0.25 0.22647702407002185 0.04485776805251639 0.0634573304157549
21 0.2664113785557987 0.43599562363238514 0.03391684901531729 0.057986870897155283
21 0.12253829321663019 0.4431072210065646 0.045951859956236324 0.06564551422319469
25 0.31017505470459517 0.21772428884026257 0.040481400437636775 0.06345733041575492
25 0.45350109409190376 0.21717724288840262 0.04048140043763681 0.06455142231947483
25 0.4573304157549234 0.42724288840262586 0.03501094091903717 0.0689277899343545
25 0.31838074398249455 0.4283369803063458 0.03938730853391689 0.06236323851203501
49 0.5333698030634574 0.18544857768052517 0.04048140043763673 0.0689277899343545
49 0.5092997811816192 0.3982494529540482 0.042669584245076636 0.06564551422319469
49 0.6761487964989058 0.20295404814004378 0.05032822757111589 0.07549234135667394
49 0.6493435448577679 0.4146608315098469 0.04266958424507657 0.07439824945295406
37 0.7335886214442013 0.1969365426695842 0.03391684901531732 0.07658643326039387
37 0.7259299781181618 0.40317286652078776 0.04485776805251632 0.07986870897155363
37 0.87527352297593 0.1974835886214442 0.054704595185995686 0.07330415754923415
37 0.8681619256017505 0.40700218818380746 0.042669584245076636 0.07002188183807441
29 0.10120350109409192 0.525711159737418 0.036105032822757135 0.06673960612691467
29 0.24070021881838075 0.5240700218818382 0.04157549234135665 0.06345733041575499
29 0.24781181619256018 0.7297592997811816 0.040481400437636775 0.0678336980306345
29 0.10612691466083152 0.7346827133479212 0.0437636761487965 0.06455142231947476
45 0.3200218818380744 0.5207877461706784 0.042669584245076636 0.06564551422319476
45 0.4633479212253829 0.5164113785557987 0.05142231947483587 0.06345733041575499
45 0.4655361050328227 0.7193654266958425 0.038293216630196907 0.06673960612691474
45 0.3298687089715536 0.7210065645514223 0.042669584245076636 0.0722100656455143
41 0.525164113785558 0.4945295404814004 0.03938730853391682 0.07002188183807441
41 0.6630196936542668 0.49671772428884026 0.04376367614879641 0.0678336980306345
41 0.6602844638949672 0.7007658643326039 0.04048140043763681 0.07111597374179439
41 0.5273522975929978 0.698577680525164 0.03938730853391682 0.06455142231947476
33 0.7314004376367614 0.5054704595185996 0.04266958424507649 0.07002188183807448
33 0.7303063457330415 0.7106126914660831 0.042669584245076636 0.06455142231947492
33 0.8719912472647703 0.5049234135667396 0.048140043763676206 0.06673960612691467
33 0.8681619256017505 0.712800875273523 0.042669584245076636 0.06673960612691474
