32 0.48542222718739453 0.7609409190371992 0.0793914857549477 0.16520787746170684
32 0.813762728988214 0.7844638949671773 0.1009406033170049 0.1750547045951859
32 0.8693367690166772 0.2986870897155361 0.12362388496127565 0.1728665207877462
32 0.5251179700648684 0.27954048140043763 0.10207476739921845 0.16301969365426694
35 0.42304320266564976 0.25711159737417943 0.08619647024822896 0.1466083150984683
35 0.4122686438846213 0.7385120350109409 0.09186729065929661 0.16411378555798692
42 0.2926143332110929 0.2904814004376368 0.0930014547415102 0.1433260393873086
42 0.3226696813897517 0.7691466083150985 0.09413561882372366 0.17067833698030627
47 0.13836801803005172 0.31455142231947486 0.09753811107036431 0.15207877461706784
47 0.1644537919209631 0.7932166301969366 0.09300145474151017 0.1509846827133478
