24 0.07582822964285978 0.13611788763759253 0.038535657687354986 0.059668115128807674
24 0.213499974445265 0.1271055160816789 0.03169868616217908 0.05780348653103246
24 0.2274846889285793 0.32631000461066706 0.031077143296253985 0.05593885793325725
24 0.08856985839432392 0.33345774756880553 0.03667102908957972 0.054074229335481935
20 0.28870666122219973 0.12865937324649157 0.035427943357729606 0.057181943665107406
20 0.4251353202927548 0.1180931445257652 0.0410218291510553 0.05345268646955688
20 0.4397415776419942 0.3179191759206784 0.03542794335772953 0.060289657994732765
20 0.30206983283958894 0.32755309034251723 0.037292571955504845 0.06091120086065789
40 0.5224067788100298 0.12306548745316587 0.040400286285130205 0.05966811512880769
40 0.6538630949531843 0.11653928736095251 0.042264914882905416 0.06277582945843306
40 0.6672262665705735 0.31263606156031526 0.04040028628513028 0.05966811512880763
40 0.5323514646648312 0.3194730330854912 0.041643372016980325 0.05842502939695759
48 0.7517560963363843 0.11063463013466425 0.03915720055327995 0.06091120086065784
48 0.8875632125410143 0.10970231583577662 0.0360494862236547 0.06153274372658291
48 0.8881847554069395 0.3110822043955026 0.03480640049180437 0.06277582945843306
48 0.7498914677386094 0.31263606156031526 0.03915720055328009 0.05966811512880768
32 0.7536207249341595 0.44160620623976937 0.040400286285130135 0.06153274372658295
32 0.8928463269013776 0.4400523490749567 0.04412954348068055 0.060911200860657856
32 0.8999940698595159 0.6439184090983829 0.037292571955505026 0.06215428659250797
32 0.7604576964593355 0.6457830376961583 0.03667102908957986 0.060911200860657926
28 0.6799678953220376 0.6653616379727981 0.03729257195550474 0.06153274372658288
28 0.6746847809616745 0.46429252084603484 0.03418485762587935 0.060911200860657856
28 0.5376345790251943 0.46367097798010976 0.033563314759954326 0.05966811512880774
28 0.5422961505196323 0.6678478094364985 0.040400286285130135 0.060289657994732904
36 0.06805894381879626 0.48076340679304946 0.042886457748830535 0.05904657226288265
36 0.2010691171267634 0.46864332090751026 0.046615714944381 0.059668115128807736
36 0.08173288686914804 0.6777924952912998 0.046615714944381006 0.07147742958138423
36 0.22158003170229104 0.6659831808387233 0.0441295434806807 0.06774817238583374
44 0.2753434896048105 0.4708187209382481 0.042264914882905485 0.06401891519028326
44 0.4077321200468525 0.4549693778571586 0.042264914882905416 0.06836971525175883
44 0.43476923471459344 0.6510661520565213 0.046615714944381 0.0702343438495339
44 0.30393446143736413 0.6687801237353861 0.04972342927400643 0.0646404580562082
