28 0.7309603323208467 0.7310411416428666 0.027791386052975754 0.059905876603081366
28 0.8560215695592381 0.7449368346693543 0.03458483597703662 0.058053117532882795
28 0.8433610492462159 0.9397853302185522 0.03643759504723505 0.05620035846268451
28 0.714285500689061 0.9206401531598354 0.031496904193372616 0.05373001303575322
24 0.6627170399018726 0.741540109707324 0.029644145123174183 0.054965185749219075
24 0.6605554876533077 0.9323742939377584 0.03273207690683819 0.05743553117615008
51 0.5676087409650218 0.7372170052101944 0.03334966326357112 0.06114104931654708
51 0.5657559818948233 0.9277423962622626 0.03705518140396791 0.05681794481941736
41 0.5055413121133756 0.7504951118799497 0.0339672496203039 0.05928829024634851
41 0.5148051074643675 0.9394765370401856 0.03890794047416634 0.06299380838674537
38 0.43853319240786703 0.7517302845934151 0.030879317836639827 0.05928829024634851
38 0.45983992171514854 0.9379325711483537 0.04631897675495978 0.06114104931654694
34 0.40333077007409757 0.7495687323448504 0.03705518140396784 0.05743553117615022
34 0.39808128604186876 0.9447260210724144 0.03767276776070062 0.062376222030012515
33 0.35515903424893935 0.7470983869179192 0.04076069954436463 0.06361139474347823
33 0.34743920478977935 0.9317567075810257 0.03767276776070062 0.0648465674569438
44 0.26622659887941647 0.7440104551342551 0.039525526830899056 0.06114104931654694
44 0.27826953283570605 0.9308303280459265 0.0450838040414942 0.06546415381367651
49 0.707893481896877 0.4573556620676005 0.033287904627897685 0.05638563436970443
49 0.7228390717298105 0.6414581550096474 0.037363974582334265 0.05638563436970451
49 0.8359500129654225 0.4515812296321488 0.04076069954436463 0.0570649793621105
49 0.8519146202869653 0.6373820850552111 0.034646594612709976 0.05638563436970443
39 0.6521871925195785 0.45158122963214886 0.03328790462789797 0.05842366934692265
39 0.664075729886685 0.6336456875969776 0.03804331957474034 0.06657580925579537
20 0.6049727155473562 0.45939369704481875 0.029891179665867254 0.05638563436970451
20 0.6144835454410412 0.6424771724982565 0.0339672496203039 0.06521711927098345
25 0.5530028236282912 0.45531762709038226 0.031929214643085686 0.05638563436970443
25 0.5462093737042305 0.637042412559008 0.0332879046278979 0.05842366934692258
27 0.506807364144678 0.45293991961696095 0.03192921464308562 0.05978235933173487
27 0.5030709666864446 0.6329663426045715 0.03668462958992819 0.05978235933173472
45 0.4453266423319279 0.4583746795562096 0.033967249620303834 0.0570649793621105
45 0.4490630397901614 0.6363630675666019 0.03600528459752212 0.06249973930135916
23 0.38214755803816275 0.46041271453342786 0.03260855963549169 0.0570649793621105
23 0.39471544039767514 0.6390804475362262 0.042798734521582844 0.06521711927098331
21 0.32032716372920966 0.44648614218910326 0.031249869650679506 0.055026944384892286
21 0.31489240378996103 0.6299092901387442 0.03532593960511605 0.05638563436970436
47 0.6997413419880039 0.19309046002163627 0.033287904627897685 0.056385634369704396
47 0.8193060606514737 0.1801829051659208 0.04823349446083156 0.06453777427857736
47 0.8485178953249349 0.3568126031915008 0.042798734521582844 0.06997253421782595
47 0.7238580892184197 0.36394572561176486 0.043478079513989056 0.061141049316547014
31 0.6294291352739749 0.21448982728242774 0.03668462958992819 0.059782359331734834
31 0.6678121273449183 0.3897608353231958 0.045516114491207134 0.058423669346922724
31 0.6066710780283714 0.38262771290293196 0.04551611449120727 0.05638563436970443
31 0.5815353133093466 0.20362030740393053 0.03872266456714634 0.05298890940767407
42 0.5214132814814085 0.2009029274343062 0.03804331957474034 0.058423669346922724
42 0.5353398538257332 0.3782119704522924 0.03872266456714648 0.0638584292861713
32 0.4782748744636227 0.365983760588983 0.0414400445367707 0.05842366934692265
32 0.4677450270813285 0.1913920975406211 0.046195459483613345 0.05706497936211047
46 0.4167941526508727 0.19071275254821501 0.04211938952917684 0.05978235933173476
46 0.42732400003316684 0.36870114055860737 0.042798734521582914 0.06249973930135916
43 0.3549737583419196 0.1913920975406211 0.03804331957474041 0.062499739301359124
43 0.3563324483267318 0.36360605311556177 0.03804331957474034 0.06725515424820173
50 0.2924580192308164 0.18188126764693602 0.031929214643085686 0.05570628937729838
50 0.2927976917270194 0.3619076906345466 0.03260855963549176 0.05978235933173479
40 0.2377707473421272 0.17576716271528134 0.032608559635491724 0.059782359331734834
40 0.23097729741806639 0.3557935857028919 0.035325939605116013 0.061141049316547014
29 0.1881785628964835 0.17712585270009348 0.029891179665867396 0.057064979362110545
29 0.18919758038509266 0.356812603191501 0.033287904627897796 0.06317908429376516
22 0.14300212090147935 0.18357963012795125 0.03192921464308565 0.05230956441526796
22 0.1453798283749006 0.3557935857028919 0.03396724962030388 0.058423669346922724
26 0.09578764392925693 0.36156801813834355 0.036684629589928186 0.060461704324140865
26 0.09340993645583567 0.17712585270009348 0.03057052465827348 0.05298890940767409
48 0.09171157397482047 0.44716548718150934 0.032608559635491724 0.05638563436970443
48 0.09612731642545999 0.6299092901387442 0.0332879046278978 0.057744324354516506
36 0.15285262329136745 0.444108434715682 0.03804331957474034 0.06249973930135916
36 0.15421131327617962 0.6241348577032925 0.04076069954436466 0.06249973930135916
35 0.21025727514968104 0.4461464696929002 0.038722664567146445 0.0638584292861713
35 0.20346382522562023 0.6271919101691198 0.03464659461270994 0.061820394308953086
37 0.26426520204596415 0.4638094394954582 0.031249869650679614 0.05978235933173479
37 0.2550940446484821 0.6428168449944596 0.040081354551958555 0.06182039430895301
