21 0.08593714153936881 0.09408928144824173 0.036005284597522114 0.06589646426338953
21 0.07982303660771412 0.28362653432953744 0.040081354551958576 0.06725515424820169
27 0.13790703345843375 0.11277126873940886 0.03940200955955252 0.07472794916466853
27 0.13009456604576386 0.29823245166626805 0.03872266456714641 0.05978235933173479
25 0.1980290652863716 0.09476862644064782 0.036005284597522086 0.06317908429376522
25 0.20448284271422934 0.28838194927637995 0.03396724962030387 0.06317908429376523
49 0.2387897648307363 0.09307026395963262 0.0373639745823343 0.06114104931654698
49 0.25679240712949736 0.28634391429916173 0.043478079513988986 0.0591030143393288
51 0.314876403980217 0.09748600641027214 0.034646594612709976 0.06046170432414089
51 0.32200952640048075 0.28736293178777084 0.033967249620303834 0.061141049316547014
43 0.3576751385017999 0.11345061373181493 0.03328790462789783 0.06385842928617129
43 0.36344957093725155 0.2944960542080346 0.036684629589928124 0.06453777427857738
31 0.40964503042086475 0.09340993645583566 0.033967249620303834 0.06453777427857739
31 0.4225525852765803 0.27921079187889786 0.03940200955955255 0.059782359331734834
36 0.4830142896007212 0.09850502389888124 0.03940200955955255 0.06521711927098345
36 0.49286479199060934 0.2785314468864918 0.04415742450639499 0.06521711927098345
37 0.5641960161932476 0.10088273137230251 0.03600528459752219 0.05910301433932875
37 0.5726878285983235 0.28634391429916173 0.04211938952917699 0.061820394308953086
28 0.6300966516348907 0.09273059146342959 0.037363974582334196 0.06453777427857738
28 0.640286826520982 0.28566456930675566 0.03872266456714648 0.06046170432414094
38 0.6942947534172652 0.09782567890647519 0.03804331957474019 0.05570628937729837
38 0.7051642732957625 0.28260751684092833 0.04347807951398892 0.06521711927098348
33 0.7669846676047155 0.09340993645583566 0.03940200955955248 0.06046170432414089
33 0.8933428361922457 0.10020338637989644 0.04347807951398877 0.0631790842937652
33 0.8913048012150278 0.2853248968105526 0.03940200955955248 0.061141049316547014
33 0.7612102351692639 0.28430587932194346 0.04415742450639513 0.057744324354516575
32 0.8379762193111506 0.37601745329676406 0.038722664567146264 0.061820394308953086
32 0.9626360254176657 0.38518861069424604 0.046195459483613345 0.055706289377298435
32 0.9551632305011989 0.5747258635755417 0.048912839453237496 0.061141049316547014
32 0.8264273544402471 0.5641960161932474 0.040081354551958694 0.06182039430895301
22 0.7938187948047555 0.3620908809524394 0.029211834673461397 0.0638584292861713
22 0.7673243401009185 0.5502694438489228 0.036005284597521975 0.06521711927098352
44 0.7163734656704628 0.3637892434334546 0.037363974582334404 0.06317908429376523
44 0.7058436182881684 0.5489107538641107 0.03940200955955248 0.0679344992406078
34 0.6589688138121491 0.36107186346383024 0.03396724962030376 0.0645377742785773
34 0.6460612589564336 0.5465330463906894 0.03804331957474027 0.06589646426338966
50 0.5713333097917651 0.35427841353976947 0.03532593960511605 0.05910301433932872
50 0.5774474147234198 0.5458537013982833 0.03668462958992819 0.06182039430895294
40 0.5295535927587913 0.3583544834942059 0.03872266456714648 0.06589646426338952
40 0.5203824353613092 0.5441553389172681 0.03804331957474027 0.0638584292861713
23 0.44259743373081334 0.367865313387891 0.03328790462789783 0.06182039430895301
23 0.448371866166265 0.5526471513223441 0.031249869650679614 0.057744324354516575
30 0.3665107945813327 0.3658272784106728 0.037363974582334265 0.057744324354516506
30 0.36515210459652053 0.5533264963147502 0.040081354551958555 0.06182039430895301
26 0.09510829893685085 0.37296040083093657 0.04211938952917681 0.0638584292861713
26 0.09816535140267822 0.5618183087198261 0.03872266456714642 0.06657580925579566
46 0.15590967575719483 0.37669679828917 0.03600528459752214 0.06861384423301388
46 0.15115426081035227 0.5597802737426079 0.04008135455195859 0.0679344992406078
42 0.2146730176003205 0.3780554882739823 0.03396724962030387 0.06046170432414094
42 0.20855891266866586 0.5638563436970444 0.04076069954436466 0.06657580925579552
29 0.2795504643751009 0.3739794183195457 0.03600528459752212 0.060461704324140796
29 0.28192817184852215 0.560459618735014 0.04211938952917677 0.06114104931654694
45 0.1015620763647086 0.630092480456637 0.034646594612709955 0.059103014339328866
45 0.08118172659252627 0.81487431839109 0.03872266456714644 0.061820394308953155
20 0.14979557082554013 0.8223471133075568 0.0373639745823343 0.06182039430895301
20 0.16508083315467684 0.6345082229072765 0.03532593960511605 0.05978235933173479
39 0.2214664675243813 0.6433397078085555 0.03396724962030387 0.06521711927098352
39 0.22044745003577218 0.8274422007506024 0.03872266456714641 0.0720105691950441
41 0.2938167092156285 0.6351875678996826 0.034646594612709976 0.06114104931654694
41 0.3026481941169076 0.8209884233227449 0.04279873452158288 0.07133122420263817
47 0.38349024821323074 0.6351875678996826 0.03600528459752212 0.06249973930135908
47 0.39809616554996147 0.8179313708569174 0.04211938952917677 0.07472794916466853
48 0.4602562323551176 0.6413016728313373 0.03328790462789783 0.05978235933173487
48 0.47791920215767564 0.8288008907354145 0.04144004453677077 0.06385842928617123
35 0.5400792689628316 0.639603310350322 0.046195459483613276 0.06589646426338945
35 0.5465330463906894 0.8277818732468056 0.052309564415267996 0.06861384423301388
24 0.5991822833021604 0.6463967602743829 0.03532593960511612 0.061820394308953086
24 0.6090327856920487 0.8406894281025213 0.04008135455195863 0.059103014339328866
24 0.7297592997811816 0.6416849015317286 0.048140043763676206 0.06236323851203508
24 0.7412472647702407 0.8342450765864333 0.042669584245076636 0.06892778993435442
