43 0.05196936542669584 0.2319474835886214 0.038293216630196934 0.07439824945295402
43 0.05798687089715535 0.43161925601750545 0.0437636761487965 0.07111597374179425
43 0.19037199124726478 0.42997811816192555 0.03938730853391682 0.07002188183807441
43 0.18654266958424506 0.23851203501094095 0.04266958424507657 0.06564551422319476
20 0.24070021881838075 0.2215536105032823 0.03938730853391686 0.07111597374179432
20 0.37636761487964987 0.22264770240700218 0.04157549234135665 0.06673960612691467
20 0.3801969365426696 0.4239606126914661 0.03610503282275701 0.0689277899343545
20 0.24507658643326038 0.4277899343544858 0.03719912472647703 0.06783369803063458
40 0.5530634573304157 0.22702407002188185 0.04048140043763681 0.06673960612691467
40 0.5607221006564552 0.42669584245076586 0.04048140043763673 0.06126914660831503
40 0.42888402625820576 0.4299781181619256 0.043763676148796476 0.0678336980306345
31 0.6017505470459519 0.22428884026258203 0.0459518599562363 0.06783369803063455
31 0.6088621444201313 0.42614879649890597 0.04266958424507657 0.07111597374179432
31 0.7434354485776805 0.424507658643326 0.04485776805251646 0.06564551422319469
31 0.7396061269146608 0.22647702407002185 0.03938730853391689 0.0634573304157549
21 0.7904814004376368 0.22811816192560175 0.040481400437636664 0.06236323851203501
21 0.9299781181619255 0.22428884026258206 0.05032822757111589 0.06345733041575492
21 0.936542669584245 0.42450765864332607 0.04595185995623638 0.06783369803063458
21 0.7959518599562364 0.42997811816192555 0.04266958424507649 0.07002188183807441
48 0.05908096280087527 0.5010940919037199 0.03938730853391685 0.05689277899343544
48 0.1963894967177243 0.5032822757111597 0.04485776805251639 0.06564551422319483
48 0.19037199124726478 0.7045951859956235 0.041575492341356685 0.07221006564551416
48 0.05798687089715535 0.7035010940919036 0.045951859956236324 0.0678336980306345
46 0.24179431072210064 0.5071115973741794 0.03719912472647703 0.0689277899343545
46 0.3730853391684901 0.5021881838074398 0.03938730853391689 0.0678336980306345
46 0.3785557986870897 0.700218818380744 0.037199124726477066 0.06564551422319469
46 0.2472647702407002 0.7018599562363238 0.03938730853391686 0.06455142231947476
32 0.43544857768052514 0.5109409190371992 0.061269146608315166 0.07877461706783372
32 0.5579868708971553 0.5071115973741794 0.05251641137855579 0.06455142231947483
32 0.5579868708971553 0.700218818380744 0.05032822757111596 0.07658643326039381
32 0.43654266958424515 0.7051422319474835 0.05032822757111596 0.06892778993435457
42 0.612144420131291 0.5087527352297593 0.04048140043763681 0.06564551422319483
42 0.7456236323851203 0.5071115973741794 0.05579868708971546 0.06236323851203501
42 0.7527352297592997 0.7045951859956235 0.045951859956236234 0.07002188183807434
42 0.6236323851203501 0.7073304157549234 0.05908096280087527 0.0667396061269146
50 0.8030634573304156 0.5032822757111597 0.04157549234135672 0.06564551422319483
50 0.9425601750547047 0.5032822757111597 0.049234135667396116 0.0678336980306345
50 0.9469365426695842 0.7095185995623632 0.049234135667396116 0.06236323851203508
50 0.8074398249452954 0.7073304157549234 0.045951859956236234 0.060175054704595256
