22 0.08205689277899345 0.20459518599562362 0.041575492341356685 0.06564551422319476
22 0.2434354485776805 0.19474835886214442 0.04485776805251639 0.07002188183807441
22 0.2549234135667396 0.4321663019693654 0.05032822757111596 0.07877461706783365
22 0.09190371991247265 0.4403719912472648 0.05032822757111596 0.08205689277899339
26 0.3107221006564551 0.20295404814004378 0.04595185995623638 0.07549234135667394
26 0.4731947483588621 0.1963894967177243 0.04048140043763673 0.07330415754923415
26 0.4814004376367615 0.4327133479212254 0.03938730853391682 0.07111597374179425
26 0.31673960612691465 0.43544857768052514 0.047045951859956255 0.07877461706783365
30 0.5339168490153172 0.2013129102844639 0.04157549234135658 0.0722100656455142
30 0.6991247264770241 0.2013129102844639 0.045951859956236234 0.07439824945295406
30 0.6936542669584245 0.4442013129102845 0.043763676148796546 0.0722100656455143
30 0.5306345733041575 0.4403719912472647 0.043763676148796476 0.07111597374179432
50 0.75054704595186 0.1952954048140044 0.037199124726477066 0.06892778993435453
50 0.9168490153172866 0.19091903719912473 0.04814004376367606 0.0711159737417943
50 0.9124726477024069 0.43326039387308535 0.04376367614879641 0.074398249452954
50 0.75054704595186 0.4321663019693654 0.05032822757111589 0.07002188183807434
34 0.7565645514223195 0.551422319474836 0.04704595185995629 0.07221006564551423
34 0.9179431072210065 0.551422319474836 0.05032822757111589 0.07221006564551423
34 0.9141137855579867 0.7899343544857769 0.04266958424507649 0.07658643326039397
34 0.7549234135667396 0.7844638949671773 0.05032822757111603 0.07658643326039397
46 0.3112691466083151 0.5596280087527353 0.03829321663019698 0.06673960612691467
46 0.4649890590809628 0.5596280087527352 0.0459518599562363 0.06892778993435457
46 0.46881838074398247 0.788293216630197 0.04485776805251639 0.07768052516411374
46 0.312363238512035 0.7910284463894968 0.049234135667396116 0.07877461706783365
42 0.5229759299781181 0.5557986870897156 0.03938730853391696 0.07002188183807434
42 0.6810722100656454 0.5519693654266958 0.04923413566739598 0.07330415754923408
42 0.6876367614879649 0.7822757111597375 0.047045951859956435 0.07221006564551416
42 0.5355579868708972 0.7850109409190372 0.05361050328227563 0.0754923413566739
38 0.25164113785557984 0.5722100656455141 0.04595185995623638 0.07877461706783372
38 0.2609409190371991 0.801969365426696 0.04485776805251639 0.07877461706783365
38 0.09354485776805252 0.5738512035010941 0.049234135667396074 0.07768052516411374
38 0.10229759299781183 0.8090809628008754 0.051422319474835894 0.07330415754923408
