48 0.02571115973741794 0.25218818380743985 0.03610503282275711 0.06673960612691467
48 0.04431072210065645 0.4573304157549234 0.0536105032822757 0.061269146608315096
48 0.1810722100656455 0.44748358862144416 0.04048140043763681 0.06345733041575492
48 0.16466083150984684 0.24835886214442013 0.040481400437636754 0.061269146608315096
41 0.22045951859956237 0.25054704595185995 0.038293216630196907 0.06345733041575492
41 0.23905908096280087 0.4485776805251642 0.049234135667396046 0.06564551422319476
41 0.3730853391684901 0.43654266958424515 0.04157549234135672 0.07439824945295406
23 0.41137855579868715 0.23851203501094095 0.03501094091903717 0.05908096280087527
23 0.5448577680525164 0.2231947483588621 0.043763676148796546 0.0634573304157549
23 0.5645514223194747 0.4261487964989058 0.037199124726477 0.06236323851203501
23 0.42669584245076586 0.436542669584245 0.043763676148796546 0.07002188183807441
24 0.6077680525164114 0.22428884026258206 0.042669584245076636 0.06345733041575492
24 0.6143326039387308 0.4234135667396062 0.038293216630196907 0.06564551422319476
24 0.7489059080962801 0.425601750547046 0.03610503282275715 0.06564551422319476
24 0.7428884026258206 0.22592997811816193 0.03938730853391689 0.060175054704595186
50 0.788293216630197 0.22100656455142229 0.04048140043763681 0.06783369803063455
50 0.8041575492341356 0.4195842450765865 0.043763676148796546 0.0689277899343545
50 0.9425601750547046 0.41137855579868715 0.04485776805251632 0.06564551422319476
50 0.9283369803063457 0.21225382932166303 0.042669584245076636 0.06564551422319471
38 0.047045951859956234 0.5284463894967177 0.041575492341356685 0.06564551422319469
38 0.18435448577680524 0.5235229759299781 0.047045951859956255 0.06673960612691474
38 0.19420131291028447 0.7166301969365426 0.0426695842450766 0.06345733041575499
38 0.05798687089715535 0.7264770240700219 0.05908096280087527 0.06564551422319483
32 0.23905908096280087 0.5235229759299781 0.04485776805251639 0.06455142231947492
32 0.25 0.7215536105032823 0.04923413566739608 0.07111597374179439
32 0.3741794310722101 0.711706783369803 0.0459518599562363 0.0754923413566739
32 0.36706783369803064 0.5169584245076586 0.04704595185995629 0.06455142231947492
33 0.43161925601750545 0.5109409190371992 0.05361050328227577 0.06564551422319476
33 0.438183807439825 0.7062363238512035 0.055798687089715526 0.06236323851203494
33 0.562910284463895 0.5092997811816192 0.05361050328227563 0.06236323851203508
33 0.5645514223194749 0.7062363238512035 0.043763676148796476 0.06455142231947476
30 0.6159737417943107 0.5049234135667396 0.04157549234135665 0.06673960612691467
30 0.7576586433260394 0.5038293216630197 0.04704595185995629 0.05798687089715535
30 0.7614879649890591 0.7018599562363238 0.043763676148796546 0.0667396061269146
30 0.62472647702407 0.7051422319474835 0.0459518599562363 0.06455142231947476
28 0.8036105032822758 0.49288840262582057 0.040481400437636664 0.06455142231947483
28 0.9425601750547047 0.4934354485776805 0.049234135667396116 0.06783369803063458
28 0.9420131291028446 0.6947483588621444 0.03938730853391689 0.06345733041575485
28 0.8052516411378556 0.6909190371991246 0.048140043763676206 0.06673960612691487
