29 0.04431072210065645 0.26586433260393877 0.05142231947483588 0.07658643326039388
29 0.1887308533916849 0.27680525164113784 0.05798687089715535 0.07221006564551423
29 0.18271334792122537 0.47811816192560175 0.04595185995623634 0.08096280087527355
29 0.0437636761487965 0.4759299781181619 0.04814004376367615 0.07439824945295406
46 0.24234135667396062 0.2817286652078775 0.04704595185995622 0.0776805251641138
46 0.3796498905908096 0.28610503282275707 0.04157549234135665 0.07111597374179425
46 0.37363238512035013 0.4890590809628009 0.04266958424507657 0.06345733041575499
46 0.23632385120350108 0.48577680525164113 0.05032822757111596 0.06783369803063458
45 0.43052516411378555 0.2915754923413567 0.04485776805251646 0.07111597374179432
45 0.5656455142231948 0.2833698030634573 0.05032822757111589 0.07002188183807441
45 0.5683807439824945 0.48304157549234134 0.049234135667396116 0.06892778993435442
45 0.4299781181619256 0.48413566739606123 0.05470459518599555 0.07330415754923415
51 0.6192560175054704 0.2910284463894967 0.043763676148796546 0.06564551422319478
51 0.7549234135667396 0.29266958424507655 0.037199124726477066 0.06892778993435453
51 0.7582056892778993 0.49288840262582057 0.04814004376367606 0.0689277899343545
51 0.6208971553610503 0.49562363238512036 0.049234135667396116 0.06564551422319476
42 0.8063457330415755 0.29321663019693656 0.05032822757111589 0.07221006564551423
42 0.9452954048140043 0.29048140043763676 0.052516411378555714 0.07330415754923415
42 0.9529540481400437 0.4923413566739606 0.04595185995623638 0.07658643326039381
42 0.8145514223194747 0.49562363238512036 0.049234135667396116 0.07221006564551416
21 0.047592997811816196 0.563457330415755 0.03829321663019694 0.0678336980306345
21 0.19201312910284465 0.5661925601750547 0.04704595185995622 0.06673960612691474
21 0.187636761487965 0.7696936542669585 0.042669584245076636 0.07330415754923422
21 0.04048140043763676 0.7691466083150985 0.052516411378555804 0.07658643326039397
34 0.24781181619256018 0.563457330415755 0.06455142231947483 0.05908096280087527
34 0.3714442013129103 0.562363238512035 0.06017505470459511 0.052516411378555714
34 0.3714442013129103 0.7675054704595187 0.05361050328227563 0.0798687089715537
34 0.24070021881838075 0.7664113785557987 0.043763676148796476 0.08205689277899353
22 0.437089715536105 0.5596280087527352 0.04048140043763673 0.06455142231947476
22 0.5754923413566739 0.5612691466083151 0.043763676148796476 0.061269146608315096
22 0.5776805251641138 0.7702407002188184 0.04157549234135658 0.0722100656455143
37 0.6334792122538293 0.7669584245076586 0.04814004376367606 0.08533916849015298
37 0.7707877461706784 0.7664113785557987 0.051422319474835804 0.0798687089715537
37 0.6285557986870898 0.5678336980306345 0.040481400437636664 0.07439824945295398
37 0.7664113785557987 0.5607221006564551 0.05142231947483594 0.060175054704595186
26 0.812910284463895 0.563457330415755 0.043763676148796546 0.07221006564551423
26 0.9551422319474835 0.5568927789934355 0.04157549234135672 0.07221006564551423
26 0.961159737417943 0.7691466083150985 0.049234135667396116 0.07002188183807434
26 0.8216630196936543 0.7696936542669585 0.039387308533916754 0.06455142231947492
