40 0.032275711159737416 0.24070021881838075 0.05361050328227572 0.08096280087527347
40 0.2062363238512035 0.23577680525164113 0.06236323851203501 0.0798687089715536
40 0.21663019693654267 0.4907002188183807 0.05251641137855579 0.08205689277899339
40 0.048687089715536105 0.4961706783369803 0.060175054704595186 0.08862144420131295
50 0.2828227571115974 0.23468271334792123 0.0536105032822757 0.07986870897155363
50 0.29431072210065645 0.4950765864332604 0.06564551422319478 0.09080962800875277
50 0.4644420131291028 0.4824945295404814 0.060175054704595186 0.07439824945295406
32 0.513129102844639 0.22264770240700216 0.054704595185995686 0.0798687089715536
32 0.5268052516411379 0.4835886214442013 0.0536105032822757 0.07877461706783365
32 0.6909190371991246 0.4721006564551422 0.07111597374179425 0.08862144420131286
32 0.6920131291028446 0.22155361050328223 0.04923413566739598 0.0886214442013129
51 0.7554704595185996 0.22702407002188185 0.05142231947483594 0.08862144420131295
51 0.9338074398249452 0.22702407002188182 0.053610503282275915 0.08424507658643325
51 0.7571115973741794 0.4879649890590809 0.05251641137855586 0.08315098468271337
51 0.9310722100656454 0.4885120350109409 0.05470459518599555 0.08424507658643321
46 0.04978118161925602 0.5858862144420132 0.05361050328227571 0.0754923413566739
46 0.212253829321663 0.5864332603938731 0.061269146608315096 0.08533916849015327
46 0.2215536105032823 0.8336980306345733 0.04704595185995622 0.07439824945295413
46 0.05689277899343546 0.8358862144420133 0.05689277899343546 0.08096280087527347
21 0.27844638949671774 0.5935448577680525 0.05142231947483591 0.08862144420131286
21 0.45185995623632386 0.587527352297593 0.05689277899343551 0.07658643326039381
21 0.45787746170678334 0.8435448577680524 0.04704595185995622 0.09409190371991258
21 0.2910284463894967 0.8424507658643325 0.06345733041575492 0.07658643326039397
26 0.5164113785557987 0.5891684901531729 0.05032822757111603 0.08424507658643328
26 0.6936542669584245 0.5820568927789935 0.05908096280087534 0.08096280087527355
26 0.6991247264770241 0.8358862144420133 0.054704595185995686 0.08752735229759295
26 0.5278993435448578 0.8419037199124727 0.060175054704595186 0.07986870897155356
42 0.7669584245076586 0.5831509846827134 0.054704595185995686 0.07877461706783379
42 0.9409190371991246 0.5891684901531729 0.06345733041575485 0.08424507658643328
42 0.9392778993435449 0.8462800875273522 0.05579868708971561 0.08643326039387304
42 0.7680525164113786 0.8380743982494531 0.061269146608315166 0.07877461706783365
