27 0.1963894967177243 0.4447483588621444 0.05142231947483587 0.0754923413566739
27 0.037746170678336986 0.44912472647702406 0.05798687089715537 0.0754923413566739
27 0.025711159737417947 0.20240700218818383 0.04266958424507659 0.08096280087527351
37 0.4266958424507659 0.19365426695842453 0.054704595185995616 0.08315098468271331
37 0.43052516411378555 0.4349015317286653 0.049234135667396116 0.09080962800875277
37 0.26805251641137856 0.4349015317286652 0.06564551422319478 0.09299781181619253
37 0.2603938730853392 0.1925601750547046 0.05470459518599558 0.08315098468271334
45 0.4934354485776805 0.20240700218818378 0.0459518599562363 0.08315098468271337
45 0.5071115973741794 0.44693654266958427 0.06017505470459511 0.09299781181619253
45 0.6701312910284463 0.44365426695842447 0.04923413566739598 0.08424507658643328
45 0.663566739606127 0.19967177242888404 0.06455142231947492 0.08643326039387307
20 0.7286652078774617 0.20459518599562365 0.052516411378555714 0.08533916849015316
20 0.7346827133479212 0.4567833698030635 0.04923413566739598 0.07768052516411374
20 0.9015317286652078 0.4502188183807439 0.05470459518599555 0.08205689277899346
23 0.02516411378555799 0.5574398249452954 0.05032822757111598 0.07549234135667397
23 0.18216630196936542 0.548687089715536 0.055798687089715526 0.07768052516411388
23 0.1887308533916849 0.7964989059080964 0.0536105032822757 0.08752735229759295
23 0.028446389496717725 0.8008752735229759 0.043763676148796504 0.08096280087527347
35 0.24234135667396062 0.5552516411378555 0.06236323851203501 0.08862144420131302
35 0.39770240700218823 0.5470459518599562 0.05798687089715535 0.07439824945295406
35 0.41137855579868715 0.7839168490153173 0.05251641137855579 0.08862144420131302
35 0.25711159737417943 0.7910284463894968 0.05470459518599558 0.07877461706783365
48 0.46881838074398247 0.5437636761487965 0.0536105032822757 0.08315098468271337
48 0.6378555798687089 0.5361050328227571 0.052516411378555714 0.06783369803063465
48 0.6646608315098469 0.7828227571115974 0.049234135667396116 0.08424507658643321
48 0.4950765864332604 0.7937636761487965 0.055798687089715526 0.08424507658643336
36 0.7363238512035011 0.550328227571116 0.054704595185995686 0.0831509846827133
36 0.75054704595186 0.7904814004376368 0.06345733041575485 0.08424507658643321
36 0.9184901531728664 0.7833698030634574 0.051422319474835804 0.0831509846827133
36 0.8977024070021882 0.5443107221006565 0.06673960612691474 0.0754923413566739
