20 0.10427537337420764 0.21802786028799143 0.031847650981285086 0.05701756869230074
20 0.23269332087938951 0.21289114238778417 0.031847650981285086 0.052908194372134926
20 0.11531931685965327 0.4073159149106294 0.03338866635134728 0.059585927642404286
20 0.24476460794487656 0.4011518534303806 0.03544335351143022 0.05753124048232145
24 0.31051459706752965 0.20492922964246282 0.03647069709147164 0.051367179002072695
24 0.4587089084885095 0.3772661151944169 0.03082030740124367 0.05188085079209344
24 0.32926361740328614 0.38959423815491434 0.03801171246153381 0.05393553795217634
24 0.4397030522577427 0.19183059899693433 0.03492968172140941 0.05701756869230071
28 0.5365301846766497 0.18849173236179959 0.03133397919126438 0.054449209742197094
28 0.5375575282566911 0.37341357676926146 0.03133397919126438 0.05444920974219713
28 0.6652049680768418 0.37649560750938593 0.03082030740124367 0.05444920974219705
28 0.6664891475518937 0.18849173236179959 0.03133397919126438 0.054449209742197094
48 0.7633162799708006 0.19311477847198613 0.03082030740124367 0.055476553322238546
48 0.7607479210206969 0.37752295108942724 0.03492968172140948 0.05444920974219713
48 0.887881689050827 0.380861817724562 0.03030663561122296 0.052908194372134926
48 0.8909637197909513 0.1949126297370587 0.03133397919126423 0.05496288153221784
32 0.7625457722857696 0.49874949353431886 0.038525384251554724 0.05650389690228003
32 0.7640867876558317 0.6875238763669361 0.03647069709147175 0.05701756869230067
32 0.8914773915809721 0.4997768371143603 0.03544335351143004 0.056503896902279964
32 0.8925047351610137 0.6864965327868947 0.03441600993138877 0.055990225112259394
40 0.5519403383772715 0.48693504236384216 0.034416009931388845 0.05444920974219713
40 0.5496288153221781 0.6713432149812832 0.03698436888149239 0.05753124048232138
40 0.6752215679822459 0.4902739089989768 0.036470697091471466 0.0580449122723423
40 0.6749647320872356 0.6731410662463557 0.035957025301450896 0.05496288153221784
36 0.12405173729000563 0.5210942164002205 0.03852538425155453 0.05804491227234216
36 0.13560935256547202 0.7055023890176615 0.03801171246153381 0.06318163017254932
36 0.26222944880558124 0.6947152814272264 0.034416009931388665 0.06523631733263244
36 0.2473329668949802 0.5123617959698682 0.03852538425155455 0.05907225585238358
44 0.3179628380228302 0.516471170290034 0.038011712461533766 0.059072255852383716
44 0.44227141120784624 0.5023451960644639 0.04006639962161671 0.06061327122244584
44 0.3377392019386282 0.6988246557473922 0.04160741499167891 0.06112694301246648
44 0.46435929817873745 0.6849555174168326 0.04006639962161678 0.05907225585238365
