37 0.05306345733041575 0.32111597374179435 0.03391684901531729 0.060175054704595256
37 0.16684901531728663 0.32330415754923414 0.03829321663019694 0.053610503282275665
37 0.16575492341356676 0.486870897155361 0.033916849015317274 0.06783369803063458
37 0.05142231947483588 0.4863238512035011 0.037199124726477024 0.06236323851203494
34 0.20842450765864334 0.3194748358862144 0.03829321663019694 0.054704595185995616
34 0.3205689277899343 0.32111597374179435 0.030634573304157513 0.060175054704595256
34 0.2138949671772429 0.48468271334792123 0.03172866520787746 0.061269146608315096
34 0.3205689277899343 0.48030634573304154 0.037199124726477 0.06126914660831503
49 0.3648796498905908 0.31291028446389496 0.04048140043763673 0.059080962800875235
49 0.47757111597374174 0.3107221006564551 0.04266958424507657 0.05908096280087534
49 0.47921225382932164 0.4770240700218818 0.03938730853391682 0.06345733041575492
49 0.36816192560175054 0.4808533916849015 0.03391684901531725 0.055798687089715526
29 0.5224288840262582 0.3222100656455142 0.0295404814004376 0.060175054704595186
29 0.6334792122538293 0.3222100656455142 0.03282275711159727 0.05579868708971549
29 0.5240700218818382 0.4852297592997812 0.039387308533916754 0.060175054704595186
29 0.6356673960612692 0.4835886214442013 0.03282275711159741 0.05251641137855579
39 0.673960612691466 0.3200218818380744 0.03282275711159755 0.060175054704595145
39 0.7866520787746171 0.31400437636761486 0.043763676148796546 0.06126914660831513
39 0.6827133479212253 0.48194748358862144 0.037199124726477066 0.07330415754923415
39 0.7937636761487964 0.4797592997811816 0.03610503282275715 0.05798687089715535
22 0.8369803063457332 0.31291028446389496 0.028446389496717614 0.05470459518599565
22 0.9551422319474835 0.3107221006564551 0.03938730853391704 0.05251641137855586
22 0.838621444201313 0.4808533916849015 0.033916849015317184 0.057986870897155283
22 0.9562363238512035 0.48030634573304154 0.045951859956236234 0.0590809628008752
21 0.07056892778993434 0.5519693654266958 0.03391684901531728 0.0557986870897156
21 0.07768052516411378 0.7182713347921225 0.04376367614879648 0.06236323851203508
21 0.19420131291028447 0.7160831509846827 0.03391684901531729 0.060175054704595256
21 0.18927789934354486 0.5475929978118163 0.035010940919037205 0.04923413566739598
51 0.22811816192560172 0.5525164113785558 0.036105032822757115 0.054704595185995686
51 0.34518599562363234 0.5481400437636761 0.038293216630196907 0.05470459518599555
51 0.24288840262582057 0.7177242888402625 0.04376367614879651 0.05251641137855586
51 0.3528446389496718 0.7133479212253829 0.03610503282275708 0.06126914660831503
42 0.38730853391684905 0.5448577680525165 0.03282275711159741 0.05908096280087527
42 0.4934354485776805 0.5437636761487965 0.03501094091903717 0.05251641137855593
42 0.5016411378555798 0.7056892778993435 0.03610503282275708 0.05689277899343551
42 0.39496717724288843 0.7128008752735231 0.037199124726477066 0.06455142231947492
45 0.5399343544857769 0.5459518599562363 0.0339168490153174 0.06126914660831503
45 0.6487964989059081 0.5432166301969366 0.03938730853391682 0.05798687089715535
45 0.650437636761488 0.7018599562363238 0.03610503282275715 0.0667396061269146
36 0.6876367614879649 0.550328227571116 0.03610503282275701 0.054704595185995686
36 0.799234135667396 0.5475929978118161 0.03391684901531732 0.06236323851203508
36 0.801969365426696 0.7013129102844639 0.03282275711159727 0.06564551422319469
36 0.6942013129102844 0.7095185995623632 0.03610503282275701 0.06892778993435442
41 0.8435448577680524 0.5437636761487965 0.037199124726477066 0.054704595185995686
41 0.9545951859956235 0.5421225382932167 0.04266958424507649 0.05361050328227563
41 0.8501094091903719 0.7040481400437636 0.03501094091903724 0.06455142231947492
41 0.961159737417943 0.7018599562363238 0.03829321663019698 0.057986870897155283
