41 0.06455142231947483 0.20295404814004378 0.05689277899343544 0.08205689277899342
41 0.2210065645514223 0.20021881838074398 0.06564551422319476 0.07658643326039388
41 0.2434354485776805 0.4310722100656455 0.053610503282275734 0.08096280087527347
41 0.09190371991247265 0.436542669584245 0.06783369803063456 0.07658643326039388
45 0.30196936542669583 0.1925601750547046 0.05689277899343548 0.08315098468271334
45 0.30853391684901527 0.42450765864332607 0.054704595185995616 0.07658643326039388
45 0.46006564551422313 0.4201312910284464 0.049234135667396046 0.074398249452954
33 0.512582056892779 0.19365426695842453 0.04485776805251646 0.08096280087527351
33 0.5273522975929978 0.4283369803063458 0.05251641137855579 0.07549234135667397
33 0.6794310722100656 0.413019693654267 0.05032822757111603 0.09080962800875277
33 0.6723194748358863 0.1898249452954048 0.060175054704595256 0.07111597374179432
42 0.7467177242888403 0.18271334792122537 0.0557986870897156 0.0787746170678337
42 0.910831509846827 0.18544857768052517 0.0754923413566739 0.07549234135667397
42 0.9102844638949672 0.41903719912472653 0.054704595185995686 0.07877461706783372
42 0.7538293216630197 0.4190371991247265 0.056892778993435374 0.0831509846827133
31 0.08533916849015317 0.513129102844639 0.06564551422319476 0.08533916849015327
31 0.24452954048140044 0.5147702407002188 0.049234135667396046 0.0689277899343545
31 0.23632385120350108 0.7445295404814004 0.04814004376367617 0.08424507658643321
31 0.08479212253829323 0.7423413566739606 0.05798687089715537 0.07111597374179439
40 0.30196936542669583 0.5071115973741794 0.04595185995623627 0.0776805251641138
40 0.4507658643326039 0.5092997811816192 0.06783369803063458 0.07330415754923408
40 0.45240700218818375 0.7396061269146608 0.05142231947483587 0.074398249452954
40 0.29923413566739604 0.7352297592997812 0.05142231947483584 0.07658643326039381
49 0.5180525164113786 0.7390590809628008 0.055798687089715526 0.08205689277899353
49 0.6766958424507657 0.7461706783369803 0.04923413566739598 0.07439824945295413
49 0.5213347921225383 0.5120350109409191 0.049234135667396046 0.07439824945295413
49 0.6794310722100656 0.512582056892779 0.05908096280087534 0.07768052516411374
48 0.7357768052516411 0.7521881838074398 0.04923413566739598 0.07330415754923408
48 0.8977024070021881 0.7565645514223195 0.04704595185995615 0.07111597374179439
48 0.8966083150984683 0.5235229759299781 0.04485776805251646 0.07111597374179432
48 0.7401531728665208 0.5213347921225383 0.04704595185995629 0.07111597374179439
