47 0.22636139955231444 0.7034638252256203 0.034646594612709976 0.06046170432414101
47 0.22316483000539647 0.8913006300367737 0.03600528459752212 0.06114104931654694
47 0.35020234358533303 0.7088964995757421 0.040081354551958555 0.0631790842937653
47 0.3464659461270995 0.8957163724874132 0.03532593960511605 0.06317908429376516
48 0.48165559961590904 0.7211247094390514 0.03668462958992819 0.05502694438489243
48 0.463992629813351 0.9110016348165502 0.03260855963549176 0.054347599392486214
23 0.5332858190387708 0.7238420894086758 0.03668462958992819 0.05910301433932872
23 0.5203782641830554 0.9150777047709866 0.033967249620303834 0.06385842928617137
36 0.5788019335299782 0.7187470019656302 0.0421193895291767 0.062499739301359075
36 0.5658943786742625 0.9065858923659107 0.03940200955955241 0.06453777427857744
20 0.6596439876263014 0.718067656973224 0.03804331957474034 0.057064979362110364
20 0.6487744677478041 0.9133793422899714 0.03940200955955241 0.0631790842937653
45 0.7241817619048788 0.7330132468061578 0.040760699544364766 0.06521711927098338
45 0.7007443596668691 0.9225504996874534 0.031929214643085686 0.06249973930135923
26 0.7805673962745832 0.7197660194542393 0.03668462958992819 0.055026944384892286
26 0.7761516538239437 0.9154173772671896 0.034646594612709976 0.06046170432414101
39 0.8454448430493636 0.7190866744618333 0.045516114491207134 0.060461704324140865
39 0.841029100598724 0.9103222898241441 0.046195459483613206 0.0679344992406078
37 0.8637871578443276 0.437498175109514 0.04279873452158298 0.061141049316547014
37 0.8685425727911701 0.6253370655097945 0.04144004453677084 0.0645377742785773
40 0.7877005186948471 0.44089490007154436 0.04279873452158298 0.0638584292861713
40 0.7948336411151107 0.6311114979452461 0.04891283945323763 0.06114104931654708
29 0.7391273517378124 0.43885686509432614 0.03940200955955248 0.055706289377298435
29 0.7326735743099547 0.6280544454794188 0.03600528459752226 0.06046170432414101
35 0.6606630051149105 0.43817752010192007 0.04144004453677077 0.06521711927098345
35 0.6579456251452862 0.6246577205173884 0.041440044536770915 0.06317908429376516
27 0.6109009844211652 0.44089490007154425 0.03661669509068759 0.05529868238185465
27 0.6011863510297583 0.6280884127290389 0.03362757712410108 0.059035079840088114
22 0.523469283898503 0.4203447140512604 0.036616695090687656 0.056045961873501395
22 0.5406567122063768 0.6094064254378718 0.035122136107394224 0.056045961873501256
41 0.45397229117536125 0.43155390642596075 0.035122136107394224 0.062024197806674834
41 0.4745224771956451 0.6123955434044585 0.034374856615747476 0.05754052085679461
38 0.41212463964314694 0.4405212603257209 0.03661669509068752 0.06351875678996827
38 0.4210919935429071 0.6236047357791589 0.03661669509068759 0.05455140289020797
34 0.3534631995488821 0.4337957449009008 0.040353092548920985 0.05754052085679483
34 0.3646723919235824 0.6176264998459853 0.04184765153221434 0.06052963882338148
33 0.321703821153898 0.4394003410882509 0.03661669509068755 0.06426603628161494
33 0.3209565416622513 0.6232310960333355 0.03960581305727431 0.061276918315028225
44 0.25631686563481304 0.42819114871355063 0.04184765153221441 0.06576059526490838
44 0.2578114246181064 0.6094064254378718 0.041847651532214376 0.06052963882338155
49 0.059782359331734834 0.4304329871884907 0.038858533565627636 0.06277147729832158
49 0.1842043946909079 0.42594931023861066 0.038111254073980944 0.05529868238185465
49 0.1901826306240814 0.6146373818793986 0.03512213610739419 0.06202419780667498
49 0.06650787475655498 0.6217365370500422 0.03736397458233426 0.05828780034844137
50 0.13712578671716674 0.1255429545966431 0.03512213610739419 0.058287800348441436
50 0.1289057123090532 0.3101209890333744 0.038111254073980944 0.059782359331734834
50 0.2622951015679865 0.13301574951310996 0.037363974582334265 0.050815005431974564
50 0.25370138741404963 0.31572558522072447 0.03213301814080747 0.05754052085679476
51 0.33777033022430175 0.13787306620881343 0.037363974582334265 0.05754052085679476
51 0.3090000697959043 0.32020926217060464 0.03362757712410083 0.06052963882338151
25 0.3598150752278789 0.3112419082708444 0.029143900174220718 0.06052963882338151
25 0.3822334599772795 0.12927935205487653 0.0336275771241008 0.05679324136514806
43 0.43641122312166414 0.13040027129234658 0.037363974582334265 0.05754052085679476
43 0.4244547512553172 0.3078791505584343 0.0388585335656277 0.06426603628161494
24 0.48759986829946206 0.12031199815511633 0.03362757712410087 0.056793241365148114
24 0.4722806387207051 0.30077999538779077 0.029891179665867396 0.05754052085679472
46 0.5305684390691465 0.12853207256322988 0.034374856615747545 0.05679324136514808
46 0.5432721904271403 0.307505510812611 0.037363974582334196 0.06052963882338151
32 0.5851198419593545 0.13077391103816993 0.03586941559904083 0.05828780034844146
32 0.5877353201801179 0.3142310262374311 0.03960581305727431 0.05754052085679472
42 0.6310775306956257 0.3067582313209643 0.0336275771241008 0.05754052085679469
42 0.633693008916389 0.12591659434246646 0.03885853356562755 0.05903507984008815
21 0.6927280887564771 0.3090000697959044 0.03288029763245433 0.05305684390691457
21 0.6886180515524205 0.12516931485081975 0.0411003720405678 0.05754052085679474
30 0.737191218509455 0.14273038290451687 0.04110037204056766 0.053804123398561304
30 0.7267293056264015 0.3246929391204847 0.039605813057274446 0.05604596187350136
31 0.8063145714867734 0.14534586112528028 0.03885853356562762 0.05754052085679476
31 0.7913689816538397 0.32693477759542483 0.03586941559904076 0.06202419780667498
28 0.8776797629390317 0.13413666875058 0.038111254073980944 0.05754052085679479
28 0.8776797629390317 0.3175937839498412 0.04110037204056766 0.05679324136514815
