32 0.03884026258205689 0.22757111597374177 0.047045951859956234 0.07658643326039385
32 0.05196936542669585 0.4638949671772428 0.047045951859956234 0.07658643326039388
32 0.21334792122538293 0.4606126914660831 0.05251641137855579 0.07439824945295406
32 0.19967177242888404 0.21991247264770242 0.06017505470459522 0.07439824945295406
24 0.08315098468271334 0.5689277899343544 0.04157549234135667 0.08752735229759302
24 0.24781181619256018 0.574398249452954 0.05142231947483587 0.07658643326039381
24 0.2527352297592998 0.8074398249452954 0.0459518599562363 0.07002188183807448
24 0.09190371991247265 0.813457330415755 0.04595185995623633 0.07330415754923422
25 0.311816192560175 0.5716630196936543 0.04157549234135665 0.0754923413566739
25 0.3172866520787746 0.8101750547045953 0.04814004376367617 0.07111597374179425
25 0.4731947483588621 0.5700218818380745 0.049234135667396046 0.07002188183807434
25 0.4814004376367615 0.8057986870897156 0.04376367614879641 0.07330415754923422
38 0.28774617067833697 0.2275711159737418 0.04814004376367613 0.07221006564551423
38 0.4502188183807439 0.22866520787746172 0.049234135667396046 0.07221006564551423
38 0.450218818380744 0.4644420131291028 0.04485776805251646 0.0776805251641138
38 0.2888402625820569 0.4628008752735229 0.04376367614879651 0.07658643326039388
49 0.5295404814004376 0.21225382932166298 0.04157549234135665 0.07877461706783367
49 0.5432166301969366 0.4567833698030634 0.04485776805251639 0.07330415754923415
49 0.699671772428884 0.20678336980306347 0.05361050328227563 0.0722100656455142
49 0.7073304157549234 0.4507658643326039 0.04704595185995615 0.07002188183807441
30 0.775164113785558 0.21936542669584244 0.04266958424507649 0.07330415754923415
30 0.7713347921225383 0.4638949671772428 0.04595185995623638 0.07877461706783365
30 0.9474835886214441 0.22264770240700218 0.04814004376367606 0.07330415754923415
30 0.9381838074398249 0.46881838074398247 0.05361050328227563 0.08205689277899339
44 0.5530634573304156 0.5689277899343544 0.04485776805251639 0.07221006564551423
44 0.7138949671772429 0.8085339168490154 0.04923413566739598 0.07877461706783365
44 0.7133479212253829 0.5700218818380745 0.054704595185995686 0.08096280087527347
44 0.5563457330415755 0.8085339168490154 0.05798687089715535 0.08096280087527347
33 0.7943107221006565 0.5711159737417942 0.04157549234135672 0.07658643326039388
33 0.9606126914660831 0.5716630196936542 0.0590809628008752 0.07986870897155363
33 0.9518599562363238 0.799781181619256 0.061269146608315166 0.08971553610503279
33 0.7915754923413567 0.801969365426696 0.05798687089715543 0.0831509846827133
