22 0.5027352297592997 0.5284463894967177 0.038293216630196907 0.07221006564551423
22 0.6591903719912473 0.525164113785558 0.04704595185995636 0.06783369803063458
22 0.6695842450765863 0.74945295404814 0.052516411378556 0.08096280087527347
22 0.513129102844639 0.7582056892778993 0.05251641137855579 0.0722100656455143
26 0.2910284463894967 0.20951859956236327 0.04595185995623627 0.07111597374179429
26 0.4452954048140043 0.19967177242888404 0.0459518599562363 0.06236323851203501
26 0.30087527352297594 0.43107221006564556 0.050328227571116 0.07002188183807441
26 0.450218818380744 0.4201312910284464 0.04485776805251646 0.074398249452954
30 0.06838074398249452 0.22319474835886216 0.04266958424507658 0.06564551422319476
30 0.21936542669584244 0.20185995623632386 0.05361050328227571 0.07330415754923415
30 0.24671772428884026 0.43052516411378555 0.05142231947483587 0.06892778993435442
30 0.09299781181619256 0.44857768052516406 0.0525164113785558 0.07002188183807441
42 0.4879649890590809 0.1991247264770241 0.0459518599562363 0.0722100656455142
42 0.6384026258205688 0.18326039387308535 0.05361050328227563 0.07330415754923413
42 0.6537199124726476 0.4053610503282276 0.05142231947483587 0.0776805251641138
42 0.5082056892778993 0.41739606126914663 0.04704595185995622 0.07330415754923415
50 0.7067833698030634 0.18599562363238512 0.03938730853391689 0.06345733041575492
50 0.711706783369803 0.4102844638949672 0.049234135667396116 0.07221006564551423
50 0.8632385120350109 0.1810722100656455 0.04595185995623638 0.06892778993435447
50 0.8648796498905909 0.4053610503282276 0.049234135667396116 0.07111597374179432
34 0.059628008752735225 0.5382932166301969 0.04923413566739607 0.07658643326039381
34 0.0711159737417943 0.763129102844639 0.05470459518599563 0.07986870897155356
34 0.21061269146608314 0.5306345733041575 0.0536105032822757 0.06783369803063458
34 0.22045951859956237 0.7510940919037199 0.04485776805251639 0.07768052516411374
46 0.2871991247264771 0.5361050328227571 0.047045951859956255 0.07439824945295406
46 0.43982494529540483 0.537199124726477 0.05032822757111589 0.07221006564551423
46 0.44857768052516406 0.7571115973741794 0.05251641137855579 0.08096280087527347
46 0.30032822757111594 0.7614879649890591 0.053610503282275734 0.07221006564551416
38 0.7221006564551422 0.5278993435448578 0.04595185995623638 0.07330415754923415
38 0.8785557986870898 0.5229759299781181 0.05032822757111603 0.07221006564551423
38 0.888402625820569 0.7472647702407003 0.05251641137855586 0.07877461706783351
38 0.7379649890590808 0.7521881838074398 0.05579868708971561 0.07986870897155357
