22 0.03282275711159738 0.3380743982494529 0.03719912472647703 0.06345733041575492
22 0.1548140043763676 0.33862144420131285 0.0361050328227571 0.0536105032822757
22 0.035010940919037205 0.5092997811816192 0.03282275711159738 0.06455142231947483
22 0.1548140043763676 0.5185995623632386 0.0361050328227571 0.05908096280087534
23 0.1952954048140044 0.34956236323851203 0.040481400437636775 0.060175054704595186
23 0.3161925601750547 0.34792122538293213 0.0328227571115973 0.05251641137855586
23 0.31455142231947486 0.5158643326039387 0.02954048140043767 0.060175054704595186
23 0.1985776805251641 0.5218818380743983 0.03172866520787746 0.054704595185995686
33 0.35503282275711157 0.3484682713347921 0.03391684901531725 0.06673960612691467
33 0.46170678336980303 0.3517505470459518 0.054704595185995616 0.06236323851203501
33 0.46772428884026257 0.5185995623632386 0.049234135667396046 0.05908096280087534
33 0.3610503282275711 0.5224288840262582 0.04157549234135665 0.05798687089715535
25 0.512582056892779 0.3517505470459518 0.03610503282275708 0.05361050328227577
25 0.6291028446389497 0.349015317286652 0.030634573304157656 0.054704595185995686
25 0.6323851203501094 0.5185995623632386 0.035010940919037024 0.05689277899343544
25 0.5136761487964989 0.5229759299781181 0.031728665207877496 0.054704595185995616
45 0.6673960612691466 0.34135667396061264 0.03282275711159741 0.05908096280087527
45 0.7817286652078775 0.3462800875273523 0.03391684901531732 0.05142231947483587
45 0.7855579868708972 0.5071115973741794 0.035010940919037094 0.05798687089715543
45 0.6766958424507657 0.512582056892779 0.03172866520787736 0.049234135667396046
40 0.8287746170678336 0.33752735229759295 0.03610503282275715 0.06236323851203501
40 0.9436542669584245 0.33643326039387306 0.042669584245076636 0.055798687089715526
40 0.948030634573304 0.5065645514223195 0.04048140043763681 0.054704595185995686
40 0.8304157549234137 0.5092997811816192 0.03282275711159727 0.05361050328227577
46 0.05032822757111598 0.5760393873085339 0.03938730853391685 0.05798687089715535
46 0.16247264770240702 0.5815098468271335 0.04485776805251641 0.05798687089715535
46 0.15700218818380743 0.7456236323851203 0.03829321663019693 0.06017505470459511
30 0.20459518599562365 0.5804157549234136 0.030634573304157548 0.0557986870897156
30 0.32056892778993434 0.5815098468271335 0.03501094091903724 0.055798687089715526
30 0.32056892778993434 0.7527352297592997 0.03938730853391686 0.0590809628008752
30 0.2051422319474836 0.7521881838074398 0.04485776805251643 0.06236323851203508
43 0.36323851203501095 0.587527352297593 0.03282275711159741 0.05251641137855579
43 0.47921225382932164 0.7516411378555798 0.03501094091903717 0.05251641137855586
43 0.4770240700218818 0.5858862144420132 0.03501094091903717 0.06017505470459511
43 0.36925601750547044 0.7532822757111597 0.03829321663019698 0.060175054704595256
37 0.525711159737418 0.5831509846827133 0.04485776805251653 0.06126914660831503
37 0.6323851203501094 0.5820568927789934 0.03938730853391689 0.054704595185995686
42 0.687089715536105 0.7538293216630197 0.04157549234135658 0.07221006564551402
42 0.6810722100656454 0.5820568927789934 0.03829321663019684 0.05689277899343544
42 0.7926695842450766 0.5765864332603939 0.03829321663019684 0.05908096280087528
42 0.801969365426696 0.7478118161925602 0.04376367614879641 0.06455142231947492
34 0.835886214442013 0.5776805251641138 0.03501094091903724 0.061269146608315166
34 0.9524070021881837 0.5716630196936543 0.04704595185995629 0.060175054704595186
34 0.8413566739606128 0.7456236323851203 0.04157549234135658 0.06236323851203508
34 0.9589715536105032 0.7407002188183808 0.049234135667396116 0.06126914660831503
