28 0.09190371991247265 0.2193654266958424 0.037199124726477024 0.0645514223194748
28 0.24398249452954046 0.21389496717724285 0.04595185995623634 0.07549234135667394
28 0.2538293216630197 0.4414660831509846 0.03938730853391686 0.07330415754923415
28 0.09901531728665208 0.44584245076586426 0.047045951859956234 0.07330415754923415
36 0.31181619256017507 0.21772428884026254 0.04595185995623634 0.07439824945295402
36 0.462253829321663 0.212253829321663 0.05142231947483587 0.07439824945295406
36 0.46881838074398247 0.436542669584245 0.049234135667396046 0.07002188183807441
36 0.32111597374179424 0.4392778993435449 0.05142231947483587 0.06892778993435457
48 0.5311816192560176 0.21006564551422321 0.038293216630196907 0.0722100656455142
48 0.5306345733041575 0.4338074398249453 0.0459518599562363 0.06455142231947492
48 0.6838074398249452 0.21006564551422321 0.04814004376367606 0.0722100656455142
48 0.6810722100656456 0.43708971553610504 0.042669584245076636 0.06892778993435442
38 0.7516411378555798 0.20678336980306347 0.04595185995623638 0.07877461706783367
38 0.7472647702407003 0.4327133479212254 0.03938730853391689 0.07768052516411374
38 0.8998905908096281 0.43654266958424515 0.049234135667396116 0.07439824945295406
38 0.9091903719912472 0.2111597374179431 0.052516411378555714 0.07221006564551423
27 0.06564551422319476 0.5492341356673961 0.04814004376367617 0.07658643326039397
27 0.22428884026258206 0.5470459518599562 0.0459518599562363 0.07221006564551423
27 0.23304157549234134 0.7603938730853392 0.043763676148796476 0.07658643326039397
27 0.08041575492341357 0.7718818380743983 0.049234135667396046 0.0754923413566739
32 0.2844638949671772 0.5300875273522976 0.05032822757111596 0.07768052516411374
32 0.43708971553610504 0.5268052516411378 0.05361050328227563 0.07111597374179425
32 0.44803063457330417 0.7439824945295405 0.042669584245076636 0.07658643326039381
32 0.2975929978118162 0.7527352297592997 0.04376367614879651 0.07002188183807434
20 0.5224288840262582 0.5196936542669583 0.04485776805251639 0.07002188183807434
20 0.6766958424507657 0.5175054704595187 0.04704595185995615 0.07658643326039397
20 0.6799781181619255 0.7407002188183808 0.040481400437636664 0.07002188183807434
20 0.525711159737418 0.7434354485776805 0.05142231947483587 0.07768052516411374
35 0.7450765864332604 0.5202407002188184 0.043763676148796546 0.07330415754923415
35 0.7445295404814004 0.7417943107221007 0.04704595185995629 0.08533916849015327
35 0.9026258205689277 0.5224288840262582 0.052516411378555714 0.07330415754923415
35 0.9004376367614878 0.7445295404814004 0.04157549234135658 0.0754923413566739
